name scene_boundary
bounds -35.0 35.0 -35.0 35.0
obstacles 396
circle -31.500 -31.500 0.350
circle -30.800 -31.500 0.350
circle -30.100 -31.500 0.350
circle -29.400 -31.500 0.350
circle -28.700 -31.500 0.350
circle -28.000 -31.500 0.350
circle -27.300 -31.500 0.350
circle -26.600 -31.500 0.350
circle -25.900 -31.500 0.350
circle -25.200 -31.500 0.350
circle -24.500 -31.500 0.350
circle -23.800 -31.500 0.350
circle -23.100 -31.500 0.350
circle -22.400 -31.500 0.350
circle -21.700 -31.500 0.350
circle -21.000 -31.500 0.350
circle -20.300 -31.500 0.350
circle -19.600 -31.500 0.350
circle -18.900 -31.500 0.350
circle -18.200 -31.500 0.350
circle -17.500 -31.500 0.350
circle -16.800 -31.500 0.350
circle -16.100 -31.500 0.350
circle -15.400 -31.500 0.350
circle -14.700 -31.500 0.350
circle -14.000 -31.500 0.350
circle -13.300 -31.500 0.350
circle -12.600 -31.500 0.350
circle -11.900 -31.500 0.350
circle -11.200 -31.500 0.350
circle -10.500 -31.500 0.350
circle -9.800 -31.500 0.350
circle -9.100 -31.500 0.350
circle -8.400 -31.500 0.350
circle -7.700 -31.500 0.350
circle -7.000 -31.500 0.350
circle -6.300 -31.500 0.350
circle -5.600 -31.500 0.350
circle -4.900 -31.500 0.350
circle -4.200 -31.500 0.350
circle -3.500 -31.500 0.350
circle -2.800 -31.500 0.350
circle -2.100 -31.500 0.350
circle -1.400 -31.500 0.350
circle -0.700 -31.500 0.350
circle 0.000 -31.500 0.350
circle 0.700 -31.500 0.350
circle 1.400 -31.500 0.350
circle 2.100 -31.500 0.350
circle 2.800 -31.500 0.350
circle 3.500 -31.500 0.350
circle 4.200 -31.500 0.350
circle 4.900 -31.500 0.350
circle 5.600 -31.500 0.350
circle 6.300 -31.500 0.350
circle 7.000 -31.500 0.350
circle 7.700 -31.500 0.350
circle 8.400 -31.500 0.350
circle 9.100 -31.500 0.350
circle 9.800 -31.500 0.350
circle 10.500 -31.500 0.350
circle 11.200 -31.500 0.350
circle 11.900 -31.500 0.350
circle 12.600 -31.500 0.350
circle 13.300 -31.500 0.350
circle 14.000 -31.500 0.350
circle 14.700 -31.500 0.350
circle 15.400 -31.500 0.350
circle 16.100 -31.500 0.350
circle 16.800 -31.500 0.350
circle 17.500 -31.500 0.350
circle 18.200 -31.500 0.350
circle 18.900 -31.500 0.350
circle 19.600 -31.500 0.350
circle 20.300 -31.500 0.350
circle 21.000 -31.500 0.350
circle 21.700 -31.500 0.350
circle 22.400 -31.500 0.350
circle 23.100 -31.500 0.350
circle 23.800 -31.500 0.350
circle 24.500 -31.500 0.350
circle 25.200 -31.500 0.350
circle 25.900 -31.500 0.350
circle 26.600 -31.500 0.350
circle 27.300 -31.500 0.350
circle 28.000 -31.500 0.350
circle 28.700 -31.500 0.350
circle 29.400 -31.500 0.350
circle 30.100 -31.500 0.350
circle 30.800 -31.500 0.350
circle 31.500 -31.500 0.350
circle -31.500 31.500 0.350
circle -30.800 31.500 0.350
circle -30.100 31.500 0.350
circle -29.400 31.500 0.350
circle -28.700 31.500 0.350
circle -28.000 31.500 0.350
circle -27.300 31.500 0.350
circle -26.600 31.500 0.350
circle -25.900 31.500 0.350
circle -25.200 31.500 0.350
circle -24.500 31.500 0.350
circle -23.800 31.500 0.350
circle -23.100 31.500 0.350
circle -22.400 31.500 0.350
circle -21.700 31.500 0.350
circle -21.000 31.500 0.350
circle -20.300 31.500 0.350
circle -19.600 31.500 0.350
circle -18.900 31.500 0.350
circle -18.200 31.500 0.350
circle -17.500 31.500 0.350
circle -16.800 31.500 0.350
circle -16.100 31.500 0.350
circle -15.400 31.500 0.350
circle -14.700 31.500 0.350
circle -14.000 31.500 0.350
circle -13.300 31.500 0.350
circle -12.600 31.500 0.350
circle -11.900 31.500 0.350
circle -11.200 31.500 0.350
circle -10.500 31.500 0.350
circle -9.800 31.500 0.350
circle -9.100 31.500 0.350
circle -8.400 31.500 0.350
circle -7.700 31.500 0.350
circle -7.000 31.500 0.350
circle -6.300 31.500 0.350
circle -5.600 31.500 0.350
circle -4.900 31.500 0.350
circle -4.200 31.500 0.350
circle -3.500 31.500 0.350
circle -2.800 31.500 0.350
circle -2.100 31.500 0.350
circle -1.400 31.500 0.350
circle -0.700 31.500 0.350
circle 0.000 31.500 0.350
circle 0.700 31.500 0.350
circle 1.400 31.500 0.350
circle 2.100 31.500 0.350
circle 2.800 31.500 0.350
circle 3.500 31.500 0.350
circle 4.200 31.500 0.350
circle 4.900 31.500 0.350
circle 5.600 31.500 0.350
circle 6.300 31.500 0.350
circle 7.000 31.500 0.350
circle 7.700 31.500 0.350
circle 8.400 31.500 0.350
circle 9.100 31.500 0.350
circle 9.800 31.500 0.350
circle 10.500 31.500 0.350
circle 11.200 31.500 0.350
circle 11.900 31.500 0.350
circle 12.600 31.500 0.350
circle 13.300 31.500 0.350
circle 14.000 31.500 0.350
circle 14.700 31.500 0.350
circle 15.400 31.500 0.350
circle 16.100 31.500 0.350
circle 16.800 31.500 0.350
circle 17.500 31.500 0.350
circle 18.200 31.500 0.350
circle 18.900 31.500 0.350
circle 19.600 31.500 0.350
circle 20.300 31.500 0.350
circle 21.000 31.500 0.350
circle 21.700 31.500 0.350
circle 22.400 31.500 0.350
circle 23.100 31.500 0.350
circle 23.800 31.500 0.350
circle 24.500 31.500 0.350
circle 25.200 31.500 0.350
circle 25.900 31.500 0.350
circle 26.600 31.500 0.350
circle 27.300 31.500 0.350
circle 28.000 31.500 0.350
circle 28.700 31.500 0.350
circle 29.400 31.500 0.350
circle 30.100 31.500 0.350
circle 30.800 31.500 0.350
circle 31.500 31.500 0.350
circle -31.500 -31.500 0.350
circle -31.500 -30.800 0.350
circle -31.500 -30.100 0.350
circle -31.500 -29.400 0.350
circle -31.500 -28.700 0.350
circle -31.500 -28.000 0.350
circle -31.500 -27.300 0.350
circle -31.500 -26.600 0.350
circle -31.500 -25.900 0.350
circle -31.500 -25.200 0.350
circle -31.500 -24.500 0.350
circle -31.500 -23.800 0.350
circle -31.500 -23.100 0.350
circle -31.500 -22.400 0.350
circle -31.500 -21.700 0.350
circle -31.500 -21.000 0.350
circle -31.500 -20.300 0.350
circle -31.500 -19.600 0.350
circle -31.500 -18.900 0.350
circle -31.500 -18.200 0.350
circle -31.500 -17.500 0.350
circle -31.500 -16.800 0.350
circle -31.500 -16.100 0.350
circle -31.500 -15.400 0.350
circle -31.500 -14.700 0.350
circle -31.500 -14.000 0.350
circle -31.500 -13.300 0.350
circle -31.500 -12.600 0.350
circle -31.500 -11.900 0.350
circle -31.500 -11.200 0.350
circle -31.500 -10.500 0.350
circle -31.500 -9.800 0.350
circle -31.500 -9.100 0.350
circle -31.500 -8.400 0.350
circle -31.500 -7.700 0.350
circle -31.500 -7.000 0.350
circle -31.500 -6.300 0.350
circle -31.500 -5.600 0.350
circle -31.500 -4.900 0.350
circle -31.500 -4.200 0.350
circle -31.500 -3.500 0.350
circle -31.500 -2.800 0.350
circle -31.500 -2.100 0.350
circle -31.500 -1.400 0.350
circle -31.500 -0.700 0.350
circle -31.500 0.000 0.350
circle -31.500 0.700 0.350
circle -31.500 1.400 0.350
circle -31.500 2.100 0.350
circle -31.500 2.800 0.350
circle -31.500 3.500 0.350
circle -31.500 4.200 0.350
circle -31.500 4.900 0.350
circle -31.500 5.600 0.350
circle -31.500 6.300 0.350
circle -31.500 7.000 0.350
circle -31.500 7.700 0.350
circle -31.500 8.400 0.350
circle -31.500 9.100 0.350
circle -31.500 9.800 0.350
circle -31.500 10.500 0.350
circle -31.500 11.200 0.350
circle -31.500 11.900 0.350
circle -31.500 12.600 0.350
circle -31.500 13.300 0.350
circle -31.500 14.000 0.350
circle -31.500 14.700 0.350
circle -31.500 15.400 0.350
circle -31.500 16.100 0.350
circle -31.500 16.800 0.350
circle -31.500 17.500 0.350
circle -31.500 18.200 0.350
circle -31.500 18.900 0.350
circle -31.500 19.600 0.350
circle -31.500 20.300 0.350
circle -31.500 21.000 0.350
circle -31.500 21.700 0.350
circle -31.500 22.400 0.350
circle -31.500 23.100 0.350
circle -31.500 23.800 0.350
circle -31.500 24.500 0.350
circle -31.500 25.200 0.350
circle -31.500 25.900 0.350
circle -31.500 26.600 0.350
circle -31.500 27.300 0.350
circle -31.500 28.000 0.350
circle -31.500 28.700 0.350
circle -31.500 29.400 0.350
circle -31.500 30.100 0.350
circle -31.500 30.800 0.350
circle -31.500 31.500 0.350
circle 31.500 -31.500 0.350
circle 31.500 -30.800 0.350
circle 31.500 -30.100 0.350
circle 31.500 -29.400 0.350
circle 31.500 -28.700 0.350
circle 31.500 -28.000 0.350
circle 31.500 -27.300 0.350
circle 31.500 -26.600 0.350
circle 31.500 -25.900 0.350
circle 31.500 -25.200 0.350
circle 31.500 -24.500 0.350
circle 31.500 -23.800 0.350
circle 31.500 -23.100 0.350
circle 31.500 -22.400 0.350
circle 31.500 -21.700 0.350
circle 31.500 -21.000 0.350
circle 31.500 -20.300 0.350
circle 31.500 -19.600 0.350
circle 31.500 -18.900 0.350
circle 31.500 -18.200 0.350
circle 31.500 -17.500 0.350
circle 31.500 -16.800 0.350
circle 31.500 -16.100 0.350
circle 31.500 -15.400 0.350
circle 31.500 -14.700 0.350
circle 31.500 -14.000 0.350
circle 31.500 -13.300 0.350
circle 31.500 -12.600 0.350
circle 31.500 -11.900 0.350
circle 31.500 -11.200 0.350
circle 31.500 -10.500 0.350
circle 31.500 -9.800 0.350
circle 31.500 -9.100 0.350
circle 31.500 -8.400 0.350
circle 31.500 -7.700 0.350
circle 31.500 -7.000 0.350
circle 31.500 -6.300 0.350
circle 31.500 -5.600 0.350
circle 31.500 -4.900 0.350
circle 31.500 -4.200 0.350
circle 31.500 -3.500 0.350
circle 31.500 -2.800 0.350
circle 31.500 -2.100 0.350
circle 31.500 -1.400 0.350
circle 31.500 -0.700 0.350
circle 31.500 0.000 0.350
circle 31.500 0.700 0.350
circle 31.500 1.400 0.350
circle 31.500 2.100 0.350
circle 31.500 2.800 0.350
circle 31.500 3.500 0.350
circle 31.500 4.200 0.350
circle 31.500 4.900 0.350
circle 31.500 5.600 0.350
circle 31.500 6.300 0.350
circle 31.500 7.000 0.350
circle 31.500 7.700 0.350
circle 31.500 8.400 0.350
circle 31.500 9.100 0.350
circle 31.500 9.800 0.350
circle 31.500 10.500 0.350
circle 31.500 11.200 0.350
circle 31.500 11.900 0.350
circle 31.500 12.600 0.350
circle 31.500 13.300 0.350
circle 31.500 14.000 0.350
circle 31.500 14.700 0.350
circle 31.500 15.400 0.350
circle 31.500 16.100 0.350
circle 31.500 16.800 0.350
circle 31.500 17.500 0.350
circle 31.500 18.200 0.350
circle 31.500 18.900 0.350
circle 31.500 19.600 0.350
circle 31.500 20.300 0.350
circle 31.500 21.000 0.350
circle 31.500 21.700 0.350
circle 31.500 22.400 0.350
circle 31.500 23.100 0.350
circle 31.500 23.800 0.350
circle 31.500 24.500 0.350
circle 31.500 25.200 0.350
circle 31.500 25.900 0.350
circle 31.500 26.600 0.350
circle 31.500 27.300 0.350
circle 31.500 28.000 0.350
circle 31.500 28.700 0.350
circle 31.500 29.400 0.350
circle 31.500 30.100 0.350
circle 31.500 30.800 0.350
circle 31.500 31.500 0.350
circle -24.500 31.500 0.350
circle -24.500 32.700 0.350
circle -11.500 31.500 0.350
circle -11.500 32.700 0.350
circle 1.500 31.500 0.350
circle 1.500 32.700 0.350
circle 14.500 31.500 0.350
circle 14.500 32.700 0.350
circle -31.500 -24.500 0.350
circle -32.700 -24.500 0.350
circle -31.500 -11.500 0.350
circle -32.700 -11.500 0.350
circle -31.500 1.500 0.350
circle -32.700 1.500 0.350
circle -31.500 14.500 0.350
circle -32.700 14.500 0.350
circle -18.000 -34.650 0.350
circle -18.000 -33.450 0.350
circle -5.000 -34.650 0.350
circle -5.000 -33.450 0.350
circle 8.000 -34.650 0.350
circle 8.000 -33.450 0.350
circle 21.000 -34.650 0.350
circle 21.000 -33.450 0.350
circle 34.650 -18.000 0.350
circle 33.450 -18.000 0.350
circle 34.650 -5.000 0.350
circle 33.450 -5.000 0.350
circle 34.650 8.000 0.350
circle 33.450 8.000 0.350
circle 34.650 21.000 0.350
circle 33.450 21.000 0.350
