name scene_05
bounds -35.0 35.0 -35.0 35.0
obstacles 3057
circle -35.000 -32.200 0.250
circle -34.533 -32.200 0.250
circle -34.067 -32.200 0.250
circle -35.000 -35.000 0.250
circle -35.000 -34.533 0.250
circle -35.000 -34.067 0.250
circle -35.000 -33.133 0.250
circle -35.000 -32.667 0.250
circle -21.000 -35.000 0.250
circle -21.000 -34.533 0.250
circle -21.000 -34.067 0.250
circle -15.400 -32.200 0.250
circle -14.933 -32.200 0.250
circle -14.467 -32.200 0.250
circle -14.000 -32.200 0.250
circle -13.533 -32.200 0.250
circle -13.067 -32.200 0.250
circle -12.600 -32.200 0.250
circle -12.133 -32.200 0.250
circle -11.667 -32.200 0.250
circle -11.200 -32.200 0.250
circle -10.733 -32.200 0.250
circle -10.267 -32.200 0.250
circle -9.800 -32.200 0.250
circle -12.600 -35.000 0.250
circle -12.600 -34.533 0.250
circle -12.600 -34.067 0.250
circle -12.600 -33.600 0.250
circle -12.600 -33.133 0.250
circle -12.600 -32.667 0.250
circle -9.333 -32.200 0.250
circle -8.867 -32.200 0.250
circle -8.400 -32.200 0.250
circle -7.933 -32.200 0.250
circle -7.467 -32.200 0.250
circle -7.000 -32.200 0.250
circle -6.533 -32.200 0.250
circle -6.067 -32.200 0.250
circle -5.600 -32.200 0.250
circle -5.133 -32.200 0.250
circle -4.667 -32.200 0.250
circle -4.200 -32.200 0.250
circle -3.733 -32.200 0.250
circle -3.267 -32.200 0.250
circle -2.800 -32.200 0.250
circle -2.333 -32.200 0.250
circle -1.867 -32.200 0.250
circle -1.400 -32.200 0.250
circle -0.933 -32.200 0.250
circle -0.467 -32.200 0.250
circle -0.000 -32.200 0.250
circle 0.467 -32.200 0.250
circle 0.933 -32.200 0.250
circle 1.400 -32.200 0.250
circle -1.400 -35.000 0.250
circle -1.400 -34.533 0.250
circle -1.400 -34.067 0.250
circle -1.400 -33.600 0.250
circle -1.400 -33.133 0.250
circle -1.400 -32.667 0.250
circle 1.867 -32.200 0.250
circle 2.333 -32.200 0.250
circle 2.800 -32.200 0.250
circle 3.267 -32.200 0.250
circle 3.733 -32.200 0.250
circle 4.200 -32.200 0.250
circle 4.667 -32.200 0.250
circle 5.133 -32.200 0.250
circle 5.600 -32.200 0.250
circle 6.067 -32.200 0.250
circle 6.533 -32.200 0.250
circle 7.000 -32.200 0.250
circle 7.467 -32.200 0.250
circle 7.933 -32.200 0.250
circle 8.400 -32.200 0.250
circle 8.867 -32.200 0.250
circle 9.333 -32.200 0.250
circle 9.800 -32.200 0.250
circle 10.267 -32.200 0.250
circle 10.733 -32.200 0.250
circle 11.200 -32.200 0.250
circle 11.667 -32.200 0.250
circle 12.133 -32.200 0.250
circle 12.600 -32.200 0.250
circle 13.067 -32.200 0.250
circle 13.533 -32.200 0.250
circle 14.000 -32.200 0.250
circle 14.467 -32.200 0.250
circle 14.933 -32.200 0.250
circle 15.400 -32.200 0.250
circle 15.867 -32.200 0.250
circle 16.333 -32.200 0.250
circle 16.800 -32.200 0.250
circle 17.267 -32.200 0.250
circle 17.733 -32.200 0.250
circle 18.200 -32.200 0.250
circle 18.667 -32.200 0.250
circle 19.133 -32.200 0.250
circle 19.600 -32.200 0.250
circle 20.067 -32.200 0.250
circle 20.533 -32.200 0.250
circle 21.000 -32.200 0.250
circle 21.467 -32.200 0.250
circle 21.933 -32.200 0.250
circle 22.400 -32.200 0.250
circle 22.867 -32.200 0.250
circle 23.333 -32.200 0.250
circle 23.800 -32.200 0.250
circle 24.267 -32.200 0.250
circle 24.733 -32.200 0.250
circle 25.200 -32.200 0.250
circle 25.667 -32.200 0.250
circle 26.133 -32.200 0.250
circle 26.600 -32.200 0.250
circle 23.800 -35.000 0.250
circle 23.800 -34.533 0.250
circle 23.800 -34.067 0.250
circle 23.800 -33.600 0.250
circle 23.800 -33.133 0.250
circle 23.800 -32.667 0.250
circle 27.067 -32.200 0.250
circle 27.533 -32.200 0.250
circle 28.000 -32.200 0.250
circle 28.467 -32.200 0.250
circle 28.933 -32.200 0.250
circle 29.400 -32.200 0.250
circle 29.867 -32.200 0.250
circle 30.333 -32.200 0.250
circle 30.800 -32.200 0.250
circle 31.267 -32.200 0.250
circle 31.733 -32.200 0.250
circle 32.200 -32.200 0.250
circle 29.400 -35.000 0.250
circle 29.400 -34.533 0.250
circle 29.400 -34.067 0.250
circle 29.400 -33.600 0.250
circle 29.400 -33.133 0.250
circle 29.400 -32.667 0.250
circle 32.667 -32.200 0.250
circle 33.133 -32.200 0.250
circle 33.600 -32.200 0.250
circle 34.067 -32.200 0.250
circle 34.533 -32.200 0.250
circle 35.000 -32.200 0.250
circle 35.000 -35.000 0.250
circle 35.000 -34.533 0.250
circle 35.000 -34.067 0.250
circle 35.000 -33.600 0.250
circle 35.000 -33.133 0.250
circle 35.000 -32.667 0.250
circle -35.000 -31.733 0.250
circle -35.000 -31.267 0.250
circle -35.000 -30.800 0.250
circle -35.000 -30.333 0.250
circle -35.000 -29.867 0.250
circle -35.000 -29.400 0.250
circle -32.200 -31.733 0.250
circle -32.200 -31.267 0.250
circle -32.200 -30.800 0.250
circle -32.200 -30.333 0.250
circle -32.200 -29.867 0.250
circle -32.200 -29.400 0.250
circle -26.600 -29.400 0.250
circle -26.133 -29.400 0.250
circle -25.667 -29.400 0.250
circle -25.200 -29.400 0.250
circle -24.733 -29.400 0.250
circle -24.267 -29.400 0.250
circle -23.800 -29.400 0.250
circle -15.400 -29.400 0.250
circle -15.400 -31.733 0.250
circle -15.400 -31.267 0.250
circle -15.400 -30.800 0.250
circle -15.400 -30.333 0.250
circle -15.400 -29.867 0.250
circle -7.000 -29.400 0.250
circle -6.533 -29.400 0.250
circle -6.067 -29.400 0.250
circle -5.600 -29.400 0.250
circle -5.133 -29.400 0.250
circle -4.667 -29.400 0.250
circle -4.200 -29.400 0.250
circle -1.400 -31.733 0.250
circle -1.400 -31.267 0.250
circle -1.400 -30.800 0.250
circle -1.400 -30.333 0.250
circle -1.400 -29.867 0.250
circle -1.400 -29.400 0.250
circle 4.200 -29.400 0.250
circle 4.667 -29.400 0.250
circle 5.133 -29.400 0.250
circle 5.600 -29.400 0.250
circle 6.067 -29.400 0.250
circle 6.533 -29.400 0.250
circle 7.000 -29.400 0.250
circle 4.200 -31.733 0.250
circle 4.200 -31.267 0.250
circle 4.200 -30.800 0.250
circle 4.200 -30.333 0.250
circle 4.200 -29.867 0.250
circle 7.467 -29.400 0.250
circle 7.933 -29.400 0.250
circle 8.400 -29.400 0.250
circle 8.867 -29.400 0.250
circle 9.333 -29.400 0.250
circle 9.800 -29.400 0.250
circle 12.600 -31.733 0.250
circle 12.600 -31.267 0.250
circle 12.600 -30.800 0.250
circle 12.600 -30.333 0.250
circle 12.600 -29.867 0.250
circle 12.600 -29.400 0.250
circle 15.400 -31.733 0.250
circle 15.400 -31.267 0.250
circle 15.400 -30.800 0.250
circle 15.400 -30.333 0.250
circle 15.400 -29.867 0.250
circle 15.400 -29.400 0.250
circle 18.200 -29.400 0.250
circle 18.667 -29.400 0.250
circle 19.133 -29.400 0.250
circle 19.600 -29.400 0.250
circle 20.067 -29.400 0.250
circle 20.533 -29.400 0.250
circle 21.000 -29.400 0.250
circle 21.467 -29.400 0.250
circle 21.933 -29.400 0.250
circle 22.400 -29.400 0.250
circle 22.867 -29.400 0.250
circle 23.333 -29.400 0.250
circle 23.800 -29.400 0.250
circle 26.600 -31.733 0.250
circle 26.600 -31.267 0.250
circle 26.600 -30.800 0.250
circle 26.600 -30.333 0.250
circle 26.600 -29.867 0.250
circle 26.600 -29.400 0.250
circle 29.400 -31.733 0.250
circle 29.400 -31.267 0.250
circle 29.400 -30.800 0.250
circle 29.400 -30.333 0.250
circle 29.400 -29.867 0.250
circle 29.400 -29.400 0.250
circle 32.200 -31.733 0.250
circle 32.200 -31.267 0.250
circle 32.200 -30.800 0.250
circle 32.200 -30.333 0.250
circle 32.200 -29.867 0.250
circle 32.200 -29.400 0.250
circle 35.000 -31.733 0.250
circle 35.000 -31.267 0.250
circle 35.000 -30.800 0.250
circle 35.000 -30.333 0.250
circle 35.000 -29.867 0.250
circle 35.000 -29.400 0.250
circle -35.000 -28.933 0.250
circle -35.000 -28.467 0.250
circle -35.000 -28.000 0.250
circle -35.000 -27.533 0.250
circle -35.000 -27.067 0.250
circle -35.000 -26.600 0.250
circle -29.400 -26.600 0.250
circle -28.933 -26.600 0.250
circle -28.467 -26.600 0.250
circle -28.000 -26.600 0.250
circle -27.533 -26.600 0.250
circle -27.067 -26.600 0.250
circle -26.600 -26.600 0.250
circle -26.600 -28.933 0.250
circle -26.600 -28.467 0.250
circle -26.600 -28.000 0.250
circle -26.600 -27.533 0.250
circle -26.600 -27.067 0.250
circle -15.400 -28.933 0.250
circle -15.400 -28.467 0.250
circle -15.400 -28.000 0.250
circle -15.400 -27.533 0.250
circle -15.400 -27.067 0.250
circle -12.600 -26.600 0.250
circle -12.600 -28.933 0.250
circle -12.600 -28.467 0.250
circle -12.600 -28.000 0.250
circle -12.600 -27.533 0.250
circle -12.600 -27.067 0.250
circle -7.000 -28.933 0.250
circle -7.000 -28.467 0.250
circle -7.000 -28.000 0.250
circle -7.000 -27.533 0.250
circle -7.000 -27.067 0.250
circle -2.333 -26.600 0.250
circle -1.867 -26.600 0.250
circle -1.400 -26.600 0.250
circle -4.200 -28.933 0.250
circle -4.200 -28.467 0.250
circle -4.200 -28.000 0.250
circle -4.200 -27.533 0.250
circle -4.200 -27.067 0.250
circle 1.400 -29.400 0.250
circle 1.400 -28.933 0.250
circle 1.400 -28.467 0.250
circle 1.400 -28.000 0.250
circle 1.400 -27.533 0.250
circle 1.400 -27.067 0.250
circle 1.400 -26.600 0.250
circle 4.200 -28.933 0.250
circle 4.200 -28.467 0.250
circle 4.200 -28.000 0.250
circle 4.200 -27.533 0.250
circle 4.200 -27.067 0.250
circle 4.200 -26.600 0.250
circle 7.000 -26.600 0.250
circle 7.467 -26.600 0.250
circle 7.933 -26.600 0.250
circle 8.400 -26.600 0.250
circle 8.867 -26.600 0.250
circle 9.333 -26.600 0.250
circle 9.800 -26.600 0.250
circle 7.000 -28.933 0.250
circle 7.000 -28.467 0.250
circle 7.000 -28.000 0.250
circle 7.000 -27.533 0.250
circle 7.000 -27.067 0.250
circle 15.400 -26.600 0.250
circle 15.867 -26.600 0.250
circle 16.333 -26.600 0.250
circle 16.800 -26.600 0.250
circle 17.267 -26.600 0.250
circle 17.733 -26.600 0.250
circle 18.200 -26.600 0.250
circle 18.667 -26.600 0.250
circle 19.133 -26.600 0.250
circle 19.600 -26.600 0.250
circle 20.067 -26.600 0.250
circle 20.533 -26.600 0.250
circle 21.000 -26.600 0.250
circle 18.200 -28.933 0.250
circle 18.200 -28.467 0.250
circle 18.200 -28.000 0.250
circle 18.200 -27.533 0.250
circle 18.200 -27.067 0.250
circle 21.467 -26.600 0.250
circle 21.933 -26.600 0.250
circle 22.400 -26.600 0.250
circle 22.867 -26.600 0.250
circle 23.333 -26.600 0.250
circle 23.800 -26.600 0.250
circle 24.267 -26.600 0.250
circle 24.733 -26.600 0.250
circle 25.200 -26.600 0.250
circle 25.667 -26.600 0.250
circle 26.133 -26.600 0.250
circle 26.600 -26.600 0.250
circle 29.400 -28.933 0.250
circle 29.400 -28.467 0.250
circle 29.400 -28.000 0.250
circle 29.400 -27.533 0.250
circle 29.400 -27.067 0.250
circle 29.400 -26.600 0.250
circle 32.200 -28.933 0.250
circle 32.200 -28.467 0.250
circle 32.200 -28.000 0.250
circle 32.200 -27.533 0.250
circle 32.200 -27.067 0.250
circle 32.200 -26.600 0.250
circle 35.000 -28.933 0.250
circle 35.000 -28.467 0.250
circle 35.000 -28.000 0.250
circle 35.000 -27.533 0.250
circle 35.000 -27.067 0.250
circle 35.000 -26.600 0.250
circle -35.000 -26.133 0.250
circle -35.000 -25.667 0.250
circle -35.000 -25.200 0.250
circle -35.000 -24.733 0.250
circle -35.000 -24.267 0.250
circle -35.000 -23.800 0.250
circle -29.400 -23.800 0.250
circle -28.933 -23.800 0.250
circle -28.467 -23.800 0.250
circle -28.000 -23.800 0.250
circle -27.533 -23.800 0.250
circle -27.067 -23.800 0.250
circle -26.600 -23.800 0.250
circle -23.800 -24.733 0.250
circle -23.800 -24.267 0.250
circle -23.800 -23.800 0.250
circle -18.200 -24.733 0.250
circle -18.200 -24.267 0.250
circle -18.200 -23.800 0.250
circle -12.600 -26.133 0.250
circle -12.600 -25.667 0.250
circle -12.600 -25.200 0.250
circle -12.600 -24.733 0.250
circle -12.600 -24.267 0.250
circle -12.600 -23.800 0.250
circle 1.400 -26.133 0.250
circle 1.400 -25.667 0.250
circle 1.400 -25.200 0.250
circle 1.400 -24.733 0.250
circle 1.400 -24.267 0.250
circle 1.400 -23.800 0.250
circle 4.200 -26.133 0.250
circle 4.200 -25.667 0.250
circle 4.200 -25.200 0.250
circle 4.200 -24.733 0.250
circle 4.200 -24.267 0.250
circle 4.200 -23.800 0.250
circle 7.000 -23.800 0.250
circle 7.467 -23.800 0.250
circle 7.933 -23.800 0.250
circle 8.400 -23.800 0.250
circle 8.867 -23.800 0.250
circle 9.333 -23.800 0.250
circle 9.800 -23.800 0.250
circle 7.000 -26.133 0.250
circle 7.000 -25.667 0.250
circle 7.000 -25.200 0.250
circle 7.000 -24.733 0.250
circle 7.000 -24.267 0.250
circle 10.267 -23.800 0.250
circle 10.733 -23.800 0.250
circle 11.200 -23.800 0.250
circle 11.667 -23.800 0.250
circle 12.133 -23.800 0.250
circle 12.600 -23.800 0.250
circle 13.067 -23.800 0.250
circle 13.533 -23.800 0.250
circle 14.000 -23.800 0.250
circle 14.467 -23.800 0.250
circle 14.933 -23.800 0.250
circle 15.400 -23.800 0.250
circle 15.400 -26.133 0.250
circle 15.400 -25.667 0.250
circle 15.400 -25.200 0.250
circle 15.400 -24.733 0.250
circle 15.400 -24.267 0.250
circle 18.200 -26.133 0.250
circle 18.200 -25.667 0.250
circle 18.200 -25.200 0.250
circle 18.200 -24.733 0.250
circle 18.200 -24.267 0.250
circle 18.200 -23.800 0.250
circle 21.000 -26.133 0.250
circle 21.000 -25.667 0.250
circle 21.000 -25.200 0.250
circle 21.000 -24.733 0.250
circle 21.000 -24.267 0.250
circle 21.000 -23.800 0.250
circle 23.800 -23.800 0.250
circle 24.267 -23.800 0.250
circle 24.733 -23.800 0.250
circle 25.200 -23.800 0.250
circle 25.667 -23.800 0.250
circle 26.133 -23.800 0.250
circle 26.600 -23.800 0.250
circle 32.200 -26.133 0.250
circle 32.200 -25.667 0.250
circle 32.200 -25.200 0.250
circle 32.200 -24.733 0.250
circle 32.200 -24.267 0.250
circle 32.200 -23.800 0.250
circle 35.000 -26.133 0.250
circle 35.000 -25.667 0.250
circle 35.000 -25.200 0.250
circle 35.000 -24.733 0.250
circle 35.000 -24.267 0.250
circle 35.000 -23.800 0.250
circle -35.000 -23.333 0.250
circle -35.000 -22.867 0.250
circle -35.000 -22.400 0.250
circle -35.000 -21.933 0.250
circle -35.000 -21.467 0.250
circle -35.000 -21.000 0.250
circle -32.200 -21.000 0.250
circle -31.733 -21.000 0.250
circle -31.267 -21.000 0.250
circle -30.800 -21.000 0.250
circle -30.333 -21.000 0.250
circle -29.867 -21.000 0.250
circle -29.400 -21.000 0.250
circle -29.400 -23.333 0.250
circle -29.400 -22.867 0.250
circle -29.400 -22.400 0.250
circle -29.400 -21.933 0.250
circle -29.400 -21.467 0.250
circle -26.600 -23.333 0.250
circle -26.600 -22.867 0.250
circle -26.600 -22.400 0.250
circle -26.600 -21.933 0.250
circle -26.600 -21.467 0.250
circle -26.600 -21.000 0.250
circle -21.000 -21.000 0.250
circle -20.533 -21.000 0.250
circle -20.067 -21.000 0.250
circle -19.600 -21.000 0.250
circle -19.133 -21.000 0.250
circle -18.667 -21.000 0.250
circle -18.200 -21.000 0.250
circle -21.000 -23.800 0.250
circle -21.000 -23.333 0.250
circle -21.000 -22.867 0.250
circle -21.000 -22.400 0.250
circle -21.000 -21.933 0.250
circle -21.000 -21.467 0.250
circle -17.733 -21.000 0.250
circle -17.267 -21.000 0.250
circle -16.800 -21.000 0.250
circle -16.333 -21.000 0.250
circle -15.867 -21.000 0.250
circle -15.400 -21.000 0.250
circle -14.933 -21.000 0.250
circle -14.467 -21.000 0.250
circle -14.000 -21.000 0.250
circle -13.533 -21.000 0.250
circle -13.067 -21.000 0.250
circle -12.600 -21.000 0.250
circle -9.800 -23.333 0.250
circle -9.800 -22.867 0.250
circle -9.800 -22.400 0.250
circle -9.800 -21.933 0.250
circle -9.800 -21.467 0.250
circle -9.800 -21.000 0.250
circle -7.000 -21.000 0.250
circle -6.533 -21.000 0.250
circle -6.067 -21.000 0.250
circle -5.600 -21.000 0.250
circle -5.133 -21.000 0.250
circle -4.667 -21.000 0.250
circle -7.000 -23.333 0.250
circle -7.000 -22.867 0.250
circle -7.000 -22.400 0.250
circle -7.000 -21.933 0.250
circle -7.000 -21.467 0.250
circle 1.400 -23.333 0.250
circle 1.400 -22.867 0.250
circle 1.400 -22.400 0.250
circle 1.400 -21.933 0.250
circle 1.400 -21.467 0.250
circle 1.400 -21.000 0.250
circle 4.200 -23.333 0.250
circle 4.200 -22.867 0.250
circle 4.200 -22.400 0.250
circle 4.200 -21.933 0.250
circle 4.200 -21.467 0.250
circle 4.200 -21.000 0.250
circle 7.000 -23.333 0.250
circle 7.000 -22.867 0.250
circle 7.000 -22.400 0.250
circle 7.000 -21.933 0.250
circle 7.000 -21.467 0.250
circle 7.000 -21.000 0.250
circle 9.800 -21.000 0.250
circle 10.267 -21.000 0.250
circle 10.733 -21.000 0.250
circle 11.200 -21.000 0.250
circle 11.667 -21.000 0.250
circle 12.133 -21.000 0.250
circle 12.600 -21.000 0.250
circle 12.600 -23.333 0.250
circle 12.600 -22.867 0.250
circle 12.600 -22.400 0.250
circle 12.600 -21.933 0.250
circle 12.600 -21.467 0.250
circle 15.400 -23.333 0.250
circle 15.400 -22.867 0.250
circle 15.400 -22.400 0.250
circle 15.400 -21.933 0.250
circle 15.400 -21.467 0.250
circle 15.400 -21.000 0.250
circle 18.200 -23.333 0.250
circle 18.200 -22.867 0.250
circle 18.200 -22.400 0.250
circle 18.200 -21.933 0.250
circle 18.200 -21.467 0.250
circle 18.200 -21.000 0.250
circle 21.000 -23.333 0.250
circle 21.000 -22.867 0.250
circle 21.000 -22.400 0.250
circle 21.000 -21.933 0.250
circle 21.000 -21.467 0.250
circle 21.000 -21.000 0.250
circle 23.800 -23.333 0.250
circle 23.800 -22.867 0.250
circle 23.800 -22.400 0.250
circle 23.800 -21.933 0.250
circle 23.800 -21.467 0.250
circle 23.800 -21.000 0.250
circle 26.600 -23.333 0.250
circle 26.600 -22.867 0.250
circle 26.600 -22.400 0.250
circle 26.600 -21.933 0.250
circle 26.600 -21.467 0.250
circle 26.600 -21.000 0.250
circle 29.400 -21.000 0.250
circle 29.867 -21.000 0.250
circle 30.333 -21.000 0.250
circle 30.800 -21.000 0.250
circle 31.267 -21.000 0.250
circle 31.733 -21.000 0.250
circle 32.200 -21.000 0.250
circle 35.000 -23.333 0.250
circle 35.000 -22.867 0.250
circle 35.000 -22.400 0.250
circle 35.000 -21.933 0.250
circle 35.000 -21.467 0.250
circle 35.000 -21.000 0.250
circle -35.000 -20.533 0.250
circle -35.000 -20.067 0.250
circle -35.000 -19.600 0.250
circle -35.000 -19.133 0.250
circle -35.000 -18.667 0.250
circle -35.000 -18.200 0.250
circle -29.400 -20.533 0.250
circle -29.400 -20.067 0.250
circle -29.400 -19.600 0.250
circle -29.400 -19.133 0.250
circle -29.400 -18.667 0.250
circle -29.400 -18.200 0.250
circle -23.800 -18.200 0.250
circle -23.333 -18.200 0.250
circle -22.867 -18.200 0.250
circle -22.400 -18.200 0.250
circle -21.933 -18.200 0.250
circle -21.467 -18.200 0.250
circle -21.000 -18.200 0.250
circle -23.800 -21.000 0.250
circle -23.800 -20.533 0.250
circle -23.800 -20.067 0.250
circle -23.800 -19.600 0.250
circle -23.800 -19.133 0.250
circle -23.800 -18.667 0.250
circle -18.200 -18.200 0.250
circle -17.733 -18.200 0.250
circle -17.267 -18.200 0.250
circle -16.800 -18.200 0.250
circle -16.333 -18.200 0.250
circle -15.867 -18.200 0.250
circle -15.400 -18.200 0.250
circle -14.933 -18.200 0.250
circle -14.467 -18.200 0.250
circle -14.000 -18.200 0.250
circle -13.533 -18.200 0.250
circle -13.067 -18.200 0.250
circle -12.600 -18.200 0.250
circle -12.600 -20.533 0.250
circle -12.600 -20.067 0.250
circle -12.600 -19.600 0.250
circle -12.600 -19.133 0.250
circle -12.600 -18.667 0.250
circle -4.200 -20.533 0.250
circle -4.200 -20.067 0.250
circle -4.200 -19.600 0.250
circle -4.200 -19.133 0.250
circle -4.200 -18.667 0.250
circle -4.200 -18.200 0.250
circle 4.200 -20.533 0.250
circle 4.200 -20.067 0.250
circle 4.200 -19.600 0.250
circle 4.200 -19.133 0.250
circle 4.200 -18.667 0.250
circle 7.000 -18.200 0.250
circle 7.467 -18.200 0.250
circle 7.933 -18.200 0.250
circle 8.400 -18.200 0.250
circle 8.867 -18.200 0.250
circle 9.333 -18.200 0.250
circle 9.800 -18.200 0.250
circle 9.800 -20.533 0.250
circle 9.800 -20.067 0.250
circle 9.800 -19.600 0.250
circle 9.800 -19.133 0.250
circle 9.800 -18.667 0.250
circle 12.600 -20.533 0.250
circle 12.600 -20.067 0.250
circle 12.600 -19.600 0.250
circle 12.600 -19.133 0.250
circle 12.600 -18.667 0.250
circle 12.600 -18.200 0.250
circle 15.400 -20.533 0.250
circle 15.400 -20.067 0.250
circle 15.400 -19.600 0.250
circle 15.400 -19.133 0.250
circle 15.400 -18.667 0.250
circle 15.400 -18.200 0.250
circle 21.000 -20.533 0.250
circle 21.000 -20.067 0.250
circle 21.000 -19.600 0.250
circle 21.000 -19.133 0.250
circle 21.000 -18.667 0.250
circle 21.000 -18.200 0.250
circle 26.600 -20.533 0.250
circle 26.600 -20.067 0.250
circle 26.600 -19.600 0.250
circle 26.600 -19.133 0.250
circle 26.600 -18.667 0.250
circle 26.600 -18.200 0.250
circle 29.400 -20.533 0.250
circle 29.400 -20.067 0.250
circle 29.400 -19.600 0.250
circle 29.400 -19.133 0.250
circle 29.400 -18.667 0.250
circle 29.400 -18.200 0.250
circle 32.200 -18.200 0.250
circle 32.667 -18.200 0.250
circle 33.133 -18.200 0.250
circle 33.600 -18.200 0.250
circle 34.067 -18.200 0.250
circle 34.533 -18.200 0.250
circle 35.000 -18.200 0.250
circle 35.000 -20.533 0.250
circle 35.000 -20.067 0.250
circle 35.000 -19.600 0.250
circle 35.000 -19.133 0.250
circle 35.000 -18.667 0.250
circle -35.000 -17.733 0.250
circle -35.000 -17.267 0.250
circle -35.000 -16.800 0.250
circle -35.000 -16.333 0.250
circle -35.000 -15.867 0.250
circle -35.000 -15.400 0.250
circle -32.200 -15.400 0.250
circle -31.733 -15.400 0.250
circle -31.267 -15.400 0.250
circle -30.800 -15.400 0.250
circle -30.333 -15.400 0.250
circle -29.867 -15.400 0.250
circle -29.400 -15.400 0.250
circle -32.200 -18.200 0.250
circle -32.200 -17.733 0.250
circle -32.200 -17.267 0.250
circle -32.200 -16.800 0.250
circle -32.200 -16.333 0.250
circle -32.200 -15.867 0.250
circle -28.933 -15.400 0.250
circle -28.467 -15.400 0.250
circle -28.000 -15.400 0.250
circle -27.533 -15.400 0.250
circle -27.067 -15.400 0.250
circle -26.600 -15.400 0.250
circle -26.133 -15.400 0.250
circle -25.667 -15.400 0.250
circle -25.200 -15.400 0.250
circle -24.733 -15.400 0.250
circle -24.267 -15.400 0.250
circle -23.800 -15.400 0.250
circle -21.000 -17.733 0.250
circle -21.000 -17.267 0.250
circle -21.000 -16.800 0.250
circle -21.000 -16.333 0.250
circle -21.000 -15.867 0.250
circle -21.000 -15.400 0.250
circle -15.400 -17.733 0.250
circle -15.400 -17.267 0.250
circle -15.400 -16.800 0.250
circle -15.400 -16.333 0.250
circle -15.400 -15.867 0.250
circle -15.400 -15.400 0.250
circle -12.600 -15.400 0.250
circle -12.133 -15.400 0.250
circle -11.667 -15.400 0.250
circle -11.200 -15.400 0.250
circle -10.733 -15.400 0.250
circle -10.267 -15.400 0.250
circle -9.800 -15.400 0.250
circle -12.600 -17.733 0.250
circle -12.600 -17.267 0.250
circle -12.600 -16.800 0.250
circle -12.600 -16.333 0.250
circle -12.600 -15.867 0.250
circle -7.000 -18.200 0.250
circle -7.000 -17.733 0.250
circle -7.000 -17.267 0.250
circle -7.000 -16.800 0.250
circle -7.000 -16.333 0.250
circle -7.000 -15.867 0.250
circle -7.000 -15.400 0.250
circle -4.200 -17.733 0.250
circle -4.200 -17.267 0.250
circle -4.200 -16.800 0.250
circle -4.200 -16.333 0.250
circle -4.200 -15.867 0.250
circle -4.200 -15.400 0.250
circle -1.400 -15.400 0.250
circle -0.933 -15.400 0.250
circle -0.467 -15.400 0.250
circle -0.000 -15.400 0.250
circle 0.467 -15.400 0.250
circle 0.933 -15.400 0.250
circle 1.400 -15.400 0.250
circle 1.867 -15.400 0.250
circle 2.333 -15.400 0.250
circle 2.800 -15.400 0.250
circle 3.267 -15.400 0.250
circle 3.733 -15.400 0.250
circle 7.000 -15.400 0.250
circle 9.800 -17.733 0.250
circle 9.800 -17.267 0.250
circle 9.800 -16.800 0.250
circle 9.800 -16.333 0.250
circle 9.800 -15.867 0.250
circle 9.800 -15.400 0.250
circle 15.400 -17.733 0.250
circle 15.400 -17.267 0.250
circle 15.400 -16.800 0.250
circle 15.400 -16.333 0.250
circle 15.400 -15.867 0.250
circle 15.400 -15.400 0.250
circle 18.200 -18.200 0.250
circle 18.200 -17.733 0.250
circle 18.200 -17.267 0.250
circle 18.200 -16.800 0.250
circle 18.200 -16.333 0.250
circle 18.200 -15.867 0.250
circle 18.200 -15.400 0.250
circle 21.000 -15.400 0.250
circle 21.467 -15.400 0.250
circle 21.933 -15.400 0.250
circle 22.400 -15.400 0.250
circle 22.867 -15.400 0.250
circle 23.333 -15.400 0.250
circle 23.800 -15.400 0.250
circle 23.800 -18.200 0.250
circle 23.800 -17.733 0.250
circle 23.800 -17.267 0.250
circle 23.800 -16.800 0.250
circle 23.800 -16.333 0.250
circle 23.800 -15.867 0.250
circle 26.600 -17.733 0.250
circle 26.600 -17.267 0.250
circle 26.600 -16.800 0.250
circle 26.600 -16.333 0.250
circle 26.600 -15.867 0.250
circle 26.600 -15.400 0.250
circle 32.200 -17.733 0.250
circle 32.200 -17.267 0.250
circle 32.200 -16.800 0.250
circle 32.200 -16.333 0.250
circle 32.200 -15.867 0.250
circle 32.200 -15.400 0.250
circle 35.000 -17.733 0.250
circle 35.000 -17.267 0.250
circle 35.000 -16.800 0.250
circle 35.000 -16.333 0.250
circle 35.000 -15.867 0.250
circle 35.000 -15.400 0.250
circle -35.000 -14.933 0.250
circle -35.000 -14.467 0.250
circle -35.000 -14.000 0.250
circle -35.000 -13.533 0.250
circle -35.000 -13.067 0.250
circle -35.000 -12.600 0.250
circle -32.200 -14.933 0.250
circle -32.200 -14.467 0.250
circle -32.200 -14.000 0.250
circle -32.200 -13.533 0.250
circle -32.200 -13.067 0.250
circle -32.200 -12.600 0.250
circle -29.400 -12.600 0.250
circle -28.933 -12.600 0.250
circle -28.467 -12.600 0.250
circle -28.000 -12.600 0.250
circle -27.533 -12.600 0.250
circle -27.067 -12.600 0.250
circle -26.600 -12.600 0.250
circle -29.400 -14.933 0.250
circle -29.400 -14.467 0.250
circle -29.400 -14.000 0.250
circle -29.400 -13.533 0.250
circle -29.400 -13.067 0.250
circle -23.800 -12.600 0.250
circle -23.333 -12.600 0.250
circle -22.867 -12.600 0.250
circle -22.400 -12.600 0.250
circle -21.933 -12.600 0.250
circle -21.467 -12.600 0.250
circle -21.000 -12.600 0.250
circle -23.800 -14.933 0.250
circle -23.800 -14.467 0.250
circle -23.800 -14.000 0.250
circle -23.800 -13.533 0.250
circle -23.800 -13.067 0.250
circle -15.400 -14.933 0.250
circle -15.400 -14.467 0.250
circle -15.400 -14.000 0.250
circle -15.400 -13.533 0.250
circle -15.400 -13.067 0.250
circle -15.400 -12.600 0.250
circle -12.600 -14.933 0.250
circle -12.600 -14.467 0.250
circle -12.600 -14.000 0.250
circle -12.600 -13.533 0.250
circle -12.600 -13.067 0.250
circle -12.600 -12.600 0.250
circle -9.800 -12.600 0.250
circle -9.333 -12.600 0.250
circle -8.867 -12.600 0.250
circle -8.400 -12.600 0.250
circle -7.933 -12.600 0.250
circle -7.467 -12.600 0.250
circle -7.000 -12.600 0.250
circle -9.800 -14.933 0.250
circle -9.800 -14.467 0.250
circle -9.800 -14.000 0.250
circle -9.800 -13.533 0.250
circle -9.800 -13.067 0.250
circle -4.200 -14.933 0.250
circle -4.200 -14.467 0.250
circle -4.200 -14.000 0.250
circle -4.200 -13.533 0.250
circle -4.200 -13.067 0.250
circle -4.200 -12.600 0.250
circle 1.400 -14.933 0.250
circle 1.400 -14.467 0.250
circle 1.400 -14.000 0.250
circle 1.400 -13.533 0.250
circle 1.400 -13.067 0.250
circle 1.400 -12.600 0.250
circle 7.000 -12.600 0.250
circle 7.467 -12.600 0.250
circle 7.933 -12.600 0.250
circle 8.400 -12.600 0.250
circle 8.867 -12.600 0.250
circle 9.333 -12.600 0.250
circle 9.800 -12.600 0.250
circle 7.000 -14.933 0.250
circle 7.000 -14.467 0.250
circle 7.000 -14.000 0.250
circle 7.000 -13.533 0.250
circle 7.000 -13.067 0.250
circle 12.600 -15.400 0.250
circle 12.600 -14.933 0.250
circle 12.600 -14.467 0.250
circle 12.600 -14.000 0.250
circle 12.600 -13.533 0.250
circle 12.600 -13.067 0.250
circle 12.600 -12.600 0.250
circle 15.400 -14.933 0.250
circle 15.400 -14.467 0.250
circle 15.400 -14.000 0.250
circle 15.400 -13.533 0.250
circle 15.400 -13.067 0.250
circle 15.400 -12.600 0.250
circle 18.200 -12.600 0.250
circle 18.667 -12.600 0.250
circle 19.133 -12.600 0.250
circle 19.600 -12.600 0.250
circle 20.067 -12.600 0.250
circle 20.533 -12.600 0.250
circle 21.000 -12.600 0.250
circle 18.200 -14.933 0.250
circle 18.200 -14.467 0.250
circle 18.200 -14.000 0.250
circle 18.200 -13.533 0.250
circle 18.200 -13.067 0.250
circle 23.800 -14.933 0.250
circle 23.800 -14.467 0.250
circle 23.800 -14.000 0.250
circle 23.800 -13.533 0.250
circle 23.800 -13.067 0.250
circle 23.800 -12.600 0.250
circle 26.600 -14.933 0.250
circle 26.600 -14.467 0.250
circle 26.600 -14.000 0.250
circle 26.600 -13.533 0.250
circle 26.600 -13.067 0.250
circle 26.600 -12.600 0.250
circle 35.000 -14.933 0.250
circle 35.000 -14.467 0.250
circle 35.000 -14.000 0.250
circle 35.000 -13.533 0.250
circle 35.000 -13.067 0.250
circle 35.000 -12.600 0.250
circle -35.000 -9.800 0.250
circle -34.533 -9.800 0.250
circle -34.067 -9.800 0.250
circle -33.600 -9.800 0.250
circle -33.133 -9.800 0.250
circle -32.667 -9.800 0.250
circle -32.200 -9.800 0.250
circle -35.000 -12.133 0.250
circle -35.000 -11.667 0.250
circle -35.000 -11.200 0.250
circle -35.000 -10.733 0.250
circle -35.000 -10.267 0.250
circle -29.400 -9.800 0.250
circle -28.933 -9.800 0.250
circle -28.467 -9.800 0.250
circle -28.000 -9.800 0.250
circle -27.533 -9.800 0.250
circle -27.067 -9.800 0.250
circle -26.600 -9.800 0.250
circle -29.400 -12.133 0.250
circle -29.400 -11.667 0.250
circle -29.400 -11.200 0.250
circle -29.400 -10.733 0.250
circle -29.400 -10.267 0.250
circle -21.000 -9.800 0.250
circle -20.533 -9.800 0.250
circle -20.067 -9.800 0.250
circle -19.600 -9.800 0.250
circle -19.133 -9.800 0.250
circle -18.667 -9.800 0.250
circle -18.200 -9.800 0.250
circle -17.733 -9.800 0.250
circle -17.267 -9.800 0.250
circle -16.800 -9.800 0.250
circle -16.333 -9.800 0.250
circle -15.867 -9.800 0.250
circle -15.400 -9.800 0.250
circle -12.600 -12.133 0.250
circle -12.600 -11.667 0.250
circle -12.600 -11.200 0.250
circle -12.600 -10.733 0.250
circle -12.600 -10.267 0.250
circle -12.600 -9.800 0.250
circle -9.800 -12.133 0.250
circle -9.800 -11.667 0.250
circle -9.800 -11.200 0.250
circle -9.800 -10.733 0.250
circle -9.800 -10.267 0.250
circle -9.800 -9.800 0.250
circle -1.400 -12.600 0.250
circle -1.400 -12.133 0.250
circle -1.400 -11.667 0.250
circle -1.400 -11.200 0.250
circle -1.400 -10.733 0.250
circle -1.400 -10.267 0.250
circle -1.400 -9.800 0.250
circle 1.400 -12.133 0.250
circle 1.400 -11.667 0.250
circle 1.400 -11.200 0.250
circle 1.400 -10.733 0.250
circle 1.400 -10.267 0.250
circle 1.400 -9.800 0.250
circle 4.200 -12.600 0.250
circle 4.200 -12.133 0.250
circle 4.200 -11.667 0.250
circle 4.200 -11.200 0.250
circle 4.200 -10.733 0.250
circle 4.200 -10.267 0.250
circle 4.200 -9.800 0.250
circle 7.000 -12.133 0.250
circle 7.000 -11.667 0.250
circle 7.000 -11.200 0.250
circle 7.000 -10.733 0.250
circle 7.000 -10.267 0.250
circle 7.000 -9.800 0.250
circle 9.800 -9.800 0.250
circle 10.267 -9.800 0.250
circle 10.733 -9.800 0.250
circle 11.200 -9.800 0.250
circle 11.667 -9.800 0.250
circle 12.133 -9.800 0.250
circle 12.600 -9.800 0.250
circle 12.600 -12.133 0.250
circle 12.600 -11.667 0.250
circle 12.600 -11.200 0.250
circle 12.600 -10.733 0.250
circle 12.600 -10.267 0.250
circle 18.200 -12.133 0.250
circle 18.200 -11.667 0.250
circle 18.200 -11.200 0.250
circle 18.200 -10.733 0.250
circle 18.200 -10.267 0.250
circle 18.200 -9.800 0.250
circle 21.000 -9.800 0.250
circle 21.467 -9.800 0.250
circle 21.933 -9.800 0.250
circle 22.400 -9.800 0.250
circle 22.867 -9.800 0.250
circle 23.333 -9.800 0.250
circle 23.800 -9.800 0.250
circle 21.000 -12.133 0.250
circle 21.000 -11.667 0.250
circle 21.000 -11.200 0.250
circle 21.000 -10.733 0.250
circle 21.000 -10.267 0.250
circle 26.600 -12.133 0.250
circle 26.600 -11.667 0.250
circle 26.600 -11.200 0.250
circle 26.600 -10.733 0.250
circle 26.600 -10.267 0.250
circle 26.600 -9.800 0.250
circle 29.400 -9.800 0.250
circle 29.867 -9.800 0.250
circle 30.333 -9.800 0.250
circle 30.800 -9.800 0.250
circle 31.267 -9.800 0.250
circle 31.733 -9.800 0.250
circle 32.200 -9.800 0.250
circle 32.667 -9.800 0.250
circle 33.133 -9.800 0.250
circle 33.600 -9.800 0.250
circle 34.067 -9.800 0.250
circle 34.533 -9.800 0.250
circle 35.000 -9.800 0.250
circle 35.000 -12.133 0.250
circle 35.000 -11.667 0.250
circle 35.000 -11.200 0.250
circle 35.000 -10.733 0.250
circle 35.000 -10.267 0.250
circle -35.000 -9.333 0.250
circle -35.000 -8.867 0.250
circle -35.000 -8.400 0.250
circle -35.000 -7.933 0.250
circle -35.000 -7.467 0.250
circle -35.000 -7.000 0.250
circle -26.600 -9.333 0.250
circle -26.600 -8.867 0.250
circle -26.600 -8.400 0.250
circle -26.600 -7.933 0.250
circle -26.600 -7.467 0.250
circle -26.600 -7.000 0.250
circle -15.400 -7.000 0.250
circle -14.933 -7.000 0.250
circle -14.467 -7.000 0.250
circle -14.000 -7.000 0.250
circle -13.533 -7.000 0.250
circle -13.067 -7.000 0.250
circle -12.600 -7.000 0.250
circle -7.000 -9.800 0.250
circle -7.000 -9.333 0.250
circle -7.000 -8.867 0.250
circle -7.000 -8.400 0.250
circle -7.000 -7.933 0.250
circle -7.000 -7.467 0.250
circle -7.000 -7.000 0.250
circle -1.400 -9.333 0.250
circle -1.400 -8.867 0.250
circle -1.400 -8.400 0.250
circle -1.400 -7.933 0.250
circle -1.400 -7.467 0.250
circle -1.400 -7.000 0.250
circle 4.200 -9.333 0.250
circle 4.200 -8.867 0.250
circle 4.200 -8.400 0.250
circle 4.200 -7.933 0.250
circle 4.200 -7.467 0.250
circle 4.200 -7.000 0.250
circle 7.000 -7.000 0.250
circle 7.467 -7.000 0.250
circle 7.933 -7.000 0.250
circle 8.400 -7.000 0.250
circle 8.867 -7.000 0.250
circle 9.333 -7.000 0.250
circle 9.800 -7.000 0.250
circle 15.400 -9.800 0.250
circle 15.400 -9.333 0.250
circle 15.400 -8.867 0.250
circle 15.400 -8.400 0.250
circle 15.400 -7.933 0.250
circle 15.400 -7.467 0.250
circle 15.400 -7.000 0.250
circle 18.200 -9.333 0.250
circle 18.200 -8.867 0.250
circle 18.200 -8.400 0.250
circle 18.200 -7.933 0.250
circle 18.200 -7.467 0.250
circle 18.200 -7.000 0.250
circle 21.000 -9.333 0.250
circle 21.000 -8.867 0.250
circle 21.000 -8.400 0.250
circle 21.000 -7.933 0.250
circle 21.000 -7.467 0.250
circle 21.000 -7.000 0.250
circle 23.800 -7.000 0.250
circle 24.267 -7.000 0.250
circle 24.733 -7.000 0.250
circle 25.200 -7.000 0.250
circle 25.667 -7.000 0.250
circle 26.133 -7.000 0.250
circle 26.600 -7.000 0.250
circle 26.600 -9.333 0.250
circle 26.600 -8.867 0.250
circle 26.600 -8.400 0.250
circle 26.600 -7.933 0.250
circle 26.600 -7.467 0.250
circle 32.200 -9.333 0.250
circle 32.200 -8.867 0.250
circle 32.200 -8.400 0.250
circle 32.200 -7.933 0.250
circle 32.200 -7.467 0.250
circle 32.200 -7.000 0.250
circle 35.000 -9.333 0.250
circle 35.000 -8.867 0.250
circle 35.000 -8.400 0.250
circle 35.000 -7.933 0.250
circle 35.000 -7.467 0.250
circle 35.000 -7.000 0.250
circle -35.000 -6.533 0.250
circle -35.000 -6.067 0.250
circle -35.000 -5.600 0.250
circle -35.000 -5.133 0.250
circle -35.000 -4.667 0.250
circle -35.000 -4.200 0.250
circle -29.400 -7.000 0.250
circle -29.400 -6.533 0.250
circle -29.400 -6.067 0.250
circle -29.400 -5.600 0.250
circle -29.400 -5.133 0.250
circle -29.400 -4.667 0.250
circle -29.400 -4.200 0.250
circle -26.600 -4.200 0.250
circle -26.133 -4.200 0.250
circle -25.667 -4.200 0.250
circle -25.200 -4.200 0.250
circle -24.733 -4.200 0.250
circle -24.267 -4.200 0.250
circle -23.800 -4.200 0.250
circle -21.000 -4.200 0.250
circle -20.533 -4.200 0.250
circle -20.067 -4.200 0.250
circle -19.600 -4.200 0.250
circle -19.133 -4.200 0.250
circle -18.667 -4.200 0.250
circle -18.200 -4.200 0.250
circle -17.733 -4.200 0.250
circle -17.267 -4.200 0.250
circle -16.800 -4.200 0.250
circle -16.333 -4.200 0.250
circle -15.867 -4.200 0.250
circle -15.400 -4.200 0.250
circle -14.933 -4.200 0.250
circle -14.467 -4.200 0.250
circle -14.000 -4.200 0.250
circle -13.533 -4.200 0.250
circle -13.067 -4.200 0.250
circle -12.600 -4.200 0.250
circle -12.133 -4.200 0.250
circle -11.667 -4.200 0.250
circle -11.200 -4.200 0.250
circle -10.733 -4.200 0.250
circle -10.267 -4.200 0.250
circle -9.800 -4.200 0.250
circle -9.800 -7.000 0.250
circle -9.800 -6.533 0.250
circle -9.800 -6.067 0.250
circle -9.800 -5.600 0.250
circle -9.800 -5.133 0.250
circle -9.800 -4.667 0.250
circle -4.200 -4.200 0.250
circle -3.733 -4.200 0.250
circle -3.267 -4.200 0.250
circle -2.800 -4.200 0.250
circle -2.333 -4.200 0.250
circle -1.867 -4.200 0.250
circle -1.400 -4.200 0.250
circle 1.400 -4.200 0.250
circle 1.867 -4.200 0.250
circle 2.333 -4.200 0.250
circle 2.800 -4.200 0.250
circle 3.267 -4.200 0.250
circle 3.733 -4.200 0.250
circle 4.200 -4.200 0.250
circle 7.000 -6.533 0.250
circle 7.000 -6.067 0.250
circle 7.000 -5.600 0.250
circle 7.000 -5.133 0.250
circle 7.000 -4.667 0.250
circle 7.000 -4.200 0.250
circle 12.600 -7.000 0.250
circle 12.600 -6.533 0.250
circle 12.600 -6.067 0.250
circle 12.600 -5.600 0.250
circle 12.600 -5.133 0.250
circle 12.600 -4.667 0.250
circle 12.600 -4.200 0.250
circle 18.200 -6.533 0.250
circle 18.200 -6.067 0.250
circle 18.200 -5.600 0.250
circle 18.200 -5.133 0.250
circle 18.200 -4.667 0.250
circle 18.200 -4.200 0.250
circle 21.000 -4.200 0.250
circle 21.467 -4.200 0.250
circle 21.933 -4.200 0.250
circle 22.400 -4.200 0.250
circle 22.867 -4.200 0.250
circle 23.333 -4.200 0.250
circle 23.800 -4.200 0.250
circle 26.600 -6.533 0.250
circle 26.600 -6.067 0.250
circle 26.600 -5.600 0.250
circle 26.600 -5.133 0.250
circle 26.600 -4.667 0.250
circle 26.600 -4.200 0.250
circle 32.200 -6.533 0.250
circle 32.200 -6.067 0.250
circle 32.200 -5.600 0.250
circle 32.200 -5.133 0.250
circle 32.200 -4.667 0.250
circle 32.200 -4.200 0.250
circle 35.000 -6.533 0.250
circle 35.000 -6.067 0.250
circle 35.000 -5.600 0.250
circle 35.000 -5.133 0.250
circle 35.000 -4.667 0.250
circle 35.000 -4.200 0.250
circle -35.000 -1.400 0.250
circle -34.533 -1.400 0.250
circle -34.067 -1.400 0.250
circle -33.600 -1.400 0.250
circle -33.133 -1.400 0.250
circle -32.667 -1.400 0.250
circle -32.200 -1.400 0.250
circle -35.000 -3.733 0.250
circle -35.000 -3.267 0.250
circle -35.000 -2.800 0.250
circle -35.000 -2.333 0.250
circle -35.000 -1.867 0.250
circle -31.733 -1.400 0.250
circle -31.267 -1.400 0.250
circle -30.800 -1.400 0.250
circle -30.333 -1.400 0.250
circle -29.867 -1.400 0.250
circle -29.400 -1.400 0.250
circle -26.600 -1.400 0.250
circle -26.133 -1.400 0.250
circle -25.667 -1.400 0.250
circle -25.200 -1.400 0.250
circle -24.733 -1.400 0.250
circle -24.267 -1.400 0.250
circle -23.800 -1.400 0.250
circle -18.200 -1.400 0.250
circle -17.733 -1.400 0.250
circle -17.267 -1.400 0.250
circle -16.800 -1.400 0.250
circle -16.333 -1.400 0.250
circle -15.867 -1.400 0.250
circle -15.400 -1.400 0.250
circle -14.933 -1.400 0.250
circle -14.467 -1.400 0.250
circle -14.000 -1.400 0.250
circle -13.533 -1.400 0.250
circle -13.067 -1.400 0.250
circle -12.600 -1.400 0.250
circle -9.800 -1.400 0.250
circle -9.333 -1.400 0.250
circle -8.867 -1.400 0.250
circle -8.400 -1.400 0.250
circle -7.933 -1.400 0.250
circle -7.467 -1.400 0.250
circle -7.000 -1.400 0.250
circle -6.533 -1.400 0.250
circle -6.067 -1.400 0.250
circle -5.600 -1.400 0.250
circle -5.133 -1.400 0.250
circle -4.667 -1.400 0.250
circle -4.200 -1.400 0.250
circle -1.400 -1.400 0.250
circle -0.933 -1.400 0.250
circle -0.467 -1.400 0.250
circle -0.000 -1.400 0.250
circle 0.467 -1.400 0.250
circle 0.933 -1.400 0.250
circle 1.400 -1.400 0.250
circle -1.400 -3.733 0.250
circle -1.400 -3.267 0.250
circle -1.400 -2.800 0.250
circle -1.400 -2.333 0.250
circle -1.400 -1.867 0.250
circle 1.867 -1.400 0.250
circle 2.333 -1.400 0.250
circle 2.800 -1.400 0.250
circle 3.267 -1.400 0.250
circle 3.733 -1.400 0.250
circle 4.200 -1.400 0.250
circle 15.400 -1.400 0.250
circle 15.867 -1.400 0.250
circle 16.333 -1.400 0.250
circle 16.800 -1.400 0.250
circle 17.267 -1.400 0.250
circle 17.733 -1.400 0.250
circle 18.200 -1.400 0.250
circle 18.667 -1.400 0.250
circle 19.133 -1.400 0.250
circle 19.600 -1.400 0.250
circle 20.067 -1.400 0.250
circle 20.533 -1.400 0.250
circle 21.000 -1.400 0.250
circle 21.467 -1.400 0.250
circle 21.933 -1.400 0.250
circle 22.400 -1.400 0.250
circle 22.867 -1.400 0.250
circle 23.333 -1.400 0.250
circle 23.800 -1.400 0.250
circle 24.267 -1.400 0.250
circle 24.733 -1.400 0.250
circle 25.200 -1.400 0.250
circle 25.667 -1.400 0.250
circle 26.133 -1.400 0.250
circle 26.600 -1.400 0.250
circle 27.067 -1.400 0.250
circle 27.533 -1.400 0.250
circle 28.000 -1.400 0.250
circle 28.467 -1.400 0.250
circle 28.933 -1.400 0.250
circle 29.400 -1.400 0.250
circle 29.867 -1.400 0.250
circle 30.333 -1.400 0.250
circle 30.800 -1.400 0.250
circle 31.267 -1.400 0.250
circle 31.733 -1.400 0.250
circle 32.200 -1.400 0.250
circle 35.000 -3.733 0.250
circle 35.000 -3.267 0.250
circle 35.000 -2.800 0.250
circle 35.000 -2.333 0.250
circle 35.000 -1.867 0.250
circle 35.000 -1.400 0.250
circle -35.000 -0.933 0.250
circle -35.000 -0.467 0.250
circle -35.000 -0.000 0.250
circle -35.000 0.467 0.250
circle -35.000 0.933 0.250
circle -35.000 1.400 0.250
circle -32.200 1.400 0.250
circle -31.733 1.400 0.250
circle -31.267 1.400 0.250
circle -30.800 1.400 0.250
circle -30.333 1.400 0.250
circle -29.867 1.400 0.250
circle -29.400 1.400 0.250
circle -28.933 1.400 0.250
circle -28.467 1.400 0.250
circle -28.000 1.400 0.250
circle -27.533 1.400 0.250
circle -27.067 1.400 0.250
circle -26.600 1.400 0.250
circle -29.400 -0.933 0.250
circle -29.400 -0.467 0.250
circle -29.400 -0.000 0.250
circle -29.400 0.467 0.250
circle -29.400 0.933 0.250
circle -23.800 1.400 0.250
circle -23.333 1.400 0.250
circle -22.867 1.400 0.250
circle -22.400 1.400 0.250
circle -21.933 1.400 0.250
circle -21.467 1.400 0.250
circle -21.000 1.400 0.250
circle -21.000 -1.400 0.250
circle -21.000 -0.933 0.250
circle -21.000 -0.467 0.250
circle -21.000 -0.000 0.250
circle -21.000 0.467 0.250
circle -21.000 0.933 0.250
circle -18.200 1.400 0.250
circle -17.733 1.400 0.250
circle -17.267 1.400 0.250
circle -16.800 1.400 0.250
circle -16.333 1.400 0.250
circle -15.867 1.400 0.250
circle -15.400 1.400 0.250
circle -18.200 -0.933 0.250
circle -18.200 -0.467 0.250
circle -18.200 -0.000 0.250
circle -18.200 0.467 0.250
circle -18.200 0.933 0.250
circle -12.600 1.400 0.250
circle -12.133 1.400 0.250
circle -11.667 1.400 0.250
circle -11.200 1.400 0.250
circle -10.733 1.400 0.250
circle -10.267 1.400 0.250
circle -9.800 1.400 0.250
circle -9.333 1.400 0.250
circle -8.867 1.400 0.250
circle -8.400 1.400 0.250
circle -7.933 1.400 0.250
circle -7.467 1.400 0.250
circle -7.000 1.400 0.250
circle -6.533 1.400 0.250
circle -6.067 1.400 0.250
circle -5.600 1.400 0.250
circle -5.133 1.400 0.250
circle -4.667 1.400 0.250
circle -4.200 1.400 0.250
circle -3.733 1.400 0.250
circle -3.267 1.400 0.250
circle -2.800 1.400 0.250
circle -2.333 1.400 0.250
circle -1.867 1.400 0.250
circle -1.400 1.400 0.250
circle 1.400 -0.933 0.250
circle 1.400 -0.467 0.250
circle 1.400 -0.000 0.250
circle 1.400 0.467 0.250
circle 1.400 0.933 0.250
circle 1.400 1.400 0.250
circle 4.200 1.400 0.250
circle 4.667 1.400 0.250
circle 5.133 1.400 0.250
circle 5.600 1.400 0.250
circle 6.067 1.400 0.250
circle 6.533 1.400 0.250
circle 7.000 1.400 0.250
circle 7.467 1.400 0.250
circle 7.933 1.400 0.250
circle 8.400 1.400 0.250
circle 8.867 1.400 0.250
circle 9.333 1.400 0.250
circle 9.800 1.400 0.250
circle 15.400 1.400 0.250
circle 15.867 1.400 0.250
circle 16.333 1.400 0.250
circle 16.800 1.400 0.250
circle 17.267 1.400 0.250
circle 17.733 1.400 0.250
circle 18.200 1.400 0.250
circle 15.400 -0.933 0.250
circle 15.400 -0.467 0.250
circle 15.400 -0.000 0.250
circle 15.400 0.467 0.250
circle 15.400 0.933 0.250
circle 18.667 1.400 0.250
circle 19.133 1.400 0.250
circle 19.600 1.400 0.250
circle 20.067 1.400 0.250
circle 20.533 1.400 0.250
circle 21.000 1.400 0.250
circle 23.800 1.400 0.250
circle 24.267 1.400 0.250
circle 24.733 1.400 0.250
circle 25.200 1.400 0.250
circle 25.667 1.400 0.250
circle 26.133 1.400 0.250
circle 26.600 1.400 0.250
circle 29.400 1.400 0.250
circle 29.867 1.400 0.250
circle 30.333 1.400 0.250
circle 30.800 1.400 0.250
circle 31.267 1.400 0.250
circle 31.733 1.400 0.250
circle 32.200 1.400 0.250
circle 29.400 -0.933 0.250
circle 29.400 -0.467 0.250
circle 29.400 -0.000 0.250
circle 29.400 0.467 0.250
circle 29.400 0.933 0.250
circle 32.667 1.400 0.250
circle 33.133 1.400 0.250
circle 33.600 1.400 0.250
circle 34.067 1.400 0.250
circle 34.533 1.400 0.250
circle 35.000 1.400 0.250
circle 35.000 -0.933 0.250
circle 35.000 -0.467 0.250
circle 35.000 -0.000 0.250
circle 35.000 0.467 0.250
circle 35.000 0.933 0.250
circle -35.000 1.867 0.250
circle -35.000 2.333 0.250
circle -35.000 2.800 0.250
circle -35.000 3.267 0.250
circle -35.000 3.733 0.250
circle -35.000 4.200 0.250
circle -32.200 1.867 0.250
circle -32.200 2.333 0.250
circle -32.200 2.800 0.250
circle -32.200 3.267 0.250
circle -32.200 3.733 0.250
circle -32.200 4.200 0.250
circle -29.400 4.200 0.250
circle -28.933 4.200 0.250
circle -28.467 4.200 0.250
circle -28.000 4.200 0.250
circle -27.533 4.200 0.250
circle -27.067 4.200 0.250
circle -26.600 4.200 0.250
circle -29.400 1.867 0.250
circle -29.400 2.333 0.250
circle -29.400 2.800 0.250
circle -29.400 3.267 0.250
circle -29.400 3.733 0.250
circle -26.133 4.200 0.250
circle -25.667 4.200 0.250
circle -25.200 4.200 0.250
circle -24.733 4.200 0.250
circle -24.267 4.200 0.250
circle -23.800 4.200 0.250
circle -23.800 1.867 0.250
circle -23.800 2.333 0.250
circle -23.800 2.800 0.250
circle -23.800 3.267 0.250
circle -23.800 3.733 0.250
circle -21.000 4.200 0.250
circle -20.533 4.200 0.250
circle -20.067 4.200 0.250
circle -19.600 4.200 0.250
circle -19.133 4.200 0.250
circle -18.667 4.200 0.250
circle -18.200 4.200 0.250
circle -15.400 1.867 0.250
circle -15.400 2.333 0.250
circle -15.400 2.800 0.250
circle -15.400 3.267 0.250
circle -15.400 3.733 0.250
circle -15.400 4.200 0.250
circle -12.600 4.200 0.250
circle -12.133 4.200 0.250
circle -11.667 4.200 0.250
circle -11.200 4.200 0.250
circle -10.733 4.200 0.250
circle -10.267 4.200 0.250
circle -9.800 4.200 0.250
circle -9.333 4.200 0.250
circle -8.867 4.200 0.250
circle -8.400 4.200 0.250
circle -7.933 4.200 0.250
circle -7.467 4.200 0.250
circle -7.000 4.200 0.250
circle -7.000 1.867 0.250
circle -7.000 2.333 0.250
circle -7.000 2.800 0.250
circle -7.000 3.267 0.250
circle -7.000 3.733 0.250
circle -4.200 4.200 0.250
circle -3.733 4.200 0.250
circle -3.267 4.200 0.250
circle -2.800 4.200 0.250
circle -2.333 4.200 0.250
circle -1.867 4.200 0.250
circle -1.400 4.200 0.250
circle -0.933 4.200 0.250
circle -0.467 4.200 0.250
circle -0.000 4.200 0.250
circle 0.467 4.200 0.250
circle 0.933 4.200 0.250
circle 1.400 4.200 0.250
circle 4.200 4.200 0.250
circle 4.667 4.200 0.250
circle 5.133 4.200 0.250
circle 5.600 4.200 0.250
circle 6.067 4.200 0.250
circle 6.533 4.200 0.250
circle 7.000 4.200 0.250
circle 7.467 4.200 0.250
circle 7.933 4.200 0.250
circle 8.400 4.200 0.250
circle 8.867 4.200 0.250
circle 9.333 4.200 0.250
circle 9.800 4.200 0.250
circle 12.600 1.400 0.250
circle 12.600 1.867 0.250
circle 12.600 2.333 0.250
circle 12.600 2.800 0.250
circle 12.600 3.267 0.250
circle 12.600 3.733 0.250
circle 12.600 4.200 0.250
circle 18.200 1.867 0.250
circle 18.200 2.333 0.250
circle 26.600 4.200 0.250
circle 27.067 4.200 0.250
circle 27.533 4.200 0.250
circle 28.000 4.200 0.250
circle 28.467 4.200 0.250
circle 28.933 4.200 0.250
circle 29.400 4.200 0.250
circle 35.000 1.867 0.250
circle 35.000 2.333 0.250
circle 35.000 2.800 0.250
circle 35.000 3.267 0.250
circle 35.000 3.733 0.250
circle 35.000 4.200 0.250
circle -35.000 4.667 0.250
circle -35.000 5.133 0.250
circle -35.000 5.600 0.250
circle -35.000 6.067 0.250
circle -35.000 6.533 0.250
circle -35.000 7.000 0.250
circle -29.400 4.667 0.250
circle -29.400 5.133 0.250
circle -29.400 5.600 0.250
circle -29.400 6.067 0.250
circle -29.400 6.533 0.250
circle -29.400 7.000 0.250
circle -26.600 4.667 0.250
circle -26.600 5.133 0.250
circle -26.600 5.600 0.250
circle -26.600 6.067 0.250
circle -26.600 6.533 0.250
circle -26.600 7.000 0.250
circle -23.800 7.000 0.250
circle -23.333 7.000 0.250
circle -22.867 7.000 0.250
circle -22.400 7.000 0.250
circle -21.933 7.000 0.250
circle -21.467 7.000 0.250
circle -21.000 7.000 0.250
circle -20.533 7.000 0.250
circle -20.067 7.000 0.250
circle -19.600 7.000 0.250
circle -19.133 7.000 0.250
circle -18.667 7.000 0.250
circle -18.200 7.000 0.250
circle -17.733 7.000 0.250
circle -17.267 7.000 0.250
circle -16.800 7.000 0.250
circle -16.333 7.000 0.250
circle -15.867 7.000 0.250
circle -15.400 7.000 0.250
circle -14.933 7.000 0.250
circle -14.467 7.000 0.250
circle -14.000 7.000 0.250
circle -13.533 7.000 0.250
circle -13.067 7.000 0.250
circle -12.600 7.000 0.250
circle -12.133 7.000 0.250
circle -11.667 7.000 0.250
circle -11.200 7.000 0.250
circle -10.733 7.000 0.250
circle -10.267 7.000 0.250
circle -9.800 7.000 0.250
circle -9.800 4.667 0.250
circle -9.800 5.133 0.250
circle -9.800 5.600 0.250
circle -9.800 6.067 0.250
circle -9.800 6.533 0.250
circle -4.200 7.000 0.250
circle -3.733 7.000 0.250
circle -3.267 7.000 0.250
circle -2.800 7.000 0.250
circle -2.333 7.000 0.250
circle -1.867 7.000 0.250
circle -1.400 7.000 0.250
circle -4.200 4.667 0.250
circle -4.200 5.133 0.250
circle -4.200 5.600 0.250
circle -4.200 6.067 0.250
circle -4.200 6.533 0.250
circle -0.933 7.000 0.250
circle -0.467 7.000 0.250
circle -0.000 7.000 0.250
circle 0.467 7.000 0.250
circle 0.933 7.000 0.250
circle 1.400 7.000 0.250
circle -1.400 4.667 0.250
circle -1.400 5.133 0.250
circle -1.400 5.600 0.250
circle -1.400 6.067 0.250
circle -1.400 6.533 0.250
circle 1.867 7.000 0.250
circle 2.333 7.000 0.250
circle 2.800 7.000 0.250
circle 3.267 7.000 0.250
circle 3.733 7.000 0.250
circle 4.200 7.000 0.250
circle 4.667 7.000 0.250
circle 5.133 7.000 0.250
circle 5.600 7.000 0.250
circle 6.067 7.000 0.250
circle 6.533 7.000 0.250
circle 7.000 7.000 0.250
circle 9.800 7.000 0.250
circle 10.267 7.000 0.250
circle 10.733 7.000 0.250
circle 11.200 7.000 0.250
circle 11.667 7.000 0.250
circle 12.133 7.000 0.250
circle 12.600 7.000 0.250
circle 13.067 7.000 0.250
circle 13.533 7.000 0.250
circle 14.000 7.000 0.250
circle 14.467 7.000 0.250
circle 14.933 7.000 0.250
circle 15.400 7.000 0.250
circle 21.000 7.000 0.250
circle 21.467 7.000 0.250
circle 21.933 7.000 0.250
circle 22.400 7.000 0.250
circle 22.867 7.000 0.250
circle 23.333 7.000 0.250
circle 23.800 7.000 0.250
circle 21.000 4.200 0.250
circle 21.000 4.667 0.250
circle 21.000 5.133 0.250
circle 21.000 5.600 0.250
circle 21.000 6.067 0.250
circle 21.000 6.533 0.250
circle 24.267 7.000 0.250
circle 24.733 7.000 0.250
circle 25.200 7.000 0.250
circle 25.667 7.000 0.250
circle 26.133 7.000 0.250
circle 26.600 7.000 0.250
circle 23.800 4.200 0.250
circle 23.800 4.667 0.250
circle 23.800 5.133 0.250
circle 23.800 5.600 0.250
circle 23.800 6.067 0.250
circle 23.800 6.533 0.250
circle 27.067 7.000 0.250
circle 27.533 7.000 0.250
circle 28.000 7.000 0.250
circle 28.467 7.000 0.250
circle 28.933 7.000 0.250
circle 29.400 7.000 0.250
circle 29.867 7.000 0.250
circle 30.333 7.000 0.250
circle 30.800 7.000 0.250
circle 31.267 7.000 0.250
circle 31.733 7.000 0.250
circle 32.200 7.000 0.250
circle 35.000 4.667 0.250
circle 35.000 5.133 0.250
circle 35.000 5.600 0.250
circle 35.000 6.067 0.250
circle 35.000 6.533 0.250
circle 35.000 7.000 0.250
circle -35.000 7.467 0.250
circle -35.000 7.933 0.250
circle -35.000 8.400 0.250
circle -35.000 8.867 0.250
circle -35.000 9.333 0.250
circle -35.000 9.800 0.250
circle -32.200 9.800 0.250
circle -31.733 9.800 0.250
circle -31.267 9.800 0.250
circle -30.800 9.800 0.250
circle -30.333 9.800 0.250
circle -29.867 9.800 0.250
circle -29.400 9.800 0.250
circle -32.200 7.000 0.250
circle -32.200 7.467 0.250
circle -32.200 7.933 0.250
circle -32.200 8.400 0.250
circle -32.200 8.867 0.250
circle -32.200 9.333 0.250
circle -26.600 9.800 0.250
circle -26.133 9.800 0.250
circle -25.667 9.800 0.250
circle -25.200 9.800 0.250
circle -24.733 9.800 0.250
circle -24.267 9.800 0.250
circle -23.800 9.800 0.250
circle -26.600 7.467 0.250
circle -26.600 7.933 0.250
circle -26.600 8.400 0.250
circle -26.600 8.867 0.250
circle -26.600 9.333 0.250
circle -23.333 9.800 0.250
circle -22.867 9.800 0.250
circle -22.400 9.800 0.250
circle -21.933 9.800 0.250
circle -21.467 9.800 0.250
circle -21.000 9.800 0.250
circle -18.200 9.800 0.250
circle -17.733 9.800 0.250
circle -17.267 9.800 0.250
circle -16.800 9.800 0.250
circle -16.333 9.800 0.250
circle -15.867 9.800 0.250
circle -15.400 9.800 0.250
circle -18.200 7.467 0.250
circle -18.200 7.933 0.250
circle -18.200 8.400 0.250
circle -18.200 8.867 0.250
circle -18.200 9.333 0.250
circle -14.933 9.800 0.250
circle -14.467 9.800 0.250
circle -14.000 9.800 0.250
circle -13.533 9.800 0.250
circle -13.067 9.800 0.250
circle -12.600 9.800 0.250
circle 1.400 7.467 0.250
circle 1.400 7.933 0.250
circle 1.400 8.400 0.250
circle 1.400 8.867 0.250
circle 1.400 9.333 0.250
circle 1.400 9.800 0.250
circle 4.200 9.800 0.250
circle 4.667 9.800 0.250
circle 5.133 9.800 0.250
circle 5.600 9.800 0.250
circle 6.067 9.800 0.250
circle 6.533 9.800 0.250
circle 7.000 9.800 0.250
circle 4.200 7.467 0.250
circle 4.200 7.933 0.250
circle 4.200 8.400 0.250
circle 4.200 8.867 0.250
circle 4.200 9.333 0.250
circle 9.800 9.800 0.250
circle 10.267 9.800 0.250
circle 10.733 9.800 0.250
circle 11.200 9.800 0.250
circle 11.667 9.800 0.250
circle 12.133 9.800 0.250
circle 12.600 9.800 0.250
circle 12.600 7.467 0.250
circle 12.600 7.933 0.250
circle 12.600 8.400 0.250
circle 12.600 8.867 0.250
circle 12.600 9.333 0.250
circle 15.400 9.800 0.250
circle 15.867 9.800 0.250
circle 16.333 9.800 0.250
circle 16.800 9.800 0.250
circle 17.267 9.800 0.250
circle 17.733 9.800 0.250
circle 18.200 9.800 0.250
circle 18.200 8.867 0.250
circle 18.200 9.333 0.250
circle 29.400 7.467 0.250
circle 29.400 7.933 0.250
circle 35.000 7.467 0.250
circle 35.000 7.933 0.250
circle 35.000 8.400 0.250
circle 35.000 8.867 0.250
circle 35.000 9.333 0.250
circle 35.000 9.800 0.250
circle -35.000 10.267 0.250
circle -35.000 10.733 0.250
circle -35.000 11.200 0.250
circle -35.000 11.667 0.250
circle -35.000 12.133 0.250
circle -35.000 12.600 0.250
circle -32.200 10.267 0.250
circle -32.200 10.733 0.250
circle -32.200 11.200 0.250
circle -32.200 11.667 0.250
circle -32.200 12.133 0.250
circle -32.200 12.600 0.250
circle -29.400 12.600 0.250
circle -28.933 12.600 0.250
circle -28.467 12.600 0.250
circle -28.000 12.600 0.250
circle -27.533 12.600 0.250
circle -27.067 12.600 0.250
circle -26.600 12.600 0.250
circle -26.600 10.267 0.250
circle -26.600 10.733 0.250
circle -26.600 11.200 0.250
circle -26.600 11.667 0.250
circle -26.600 12.133 0.250
circle -23.800 10.267 0.250
circle -23.800 10.733 0.250
circle -23.800 11.200 0.250
circle -23.800 11.667 0.250
circle -23.800 12.133 0.250
circle -23.800 12.600 0.250
circle -21.000 12.600 0.250
circle -20.533 12.600 0.250
circle -20.067 12.600 0.250
circle -19.600 12.600 0.250
circle -19.133 12.600 0.250
circle -18.667 12.600 0.250
circle -18.200 12.600 0.250
circle -15.400 10.267 0.250
circle -15.400 10.733 0.250
circle -15.400 11.200 0.250
circle -15.400 11.667 0.250
circle -15.400 12.133 0.250
circle -15.400 12.600 0.250
circle -12.600 10.267 0.250
circle -12.600 10.733 0.250
circle -12.600 11.200 0.250
circle -12.600 11.667 0.250
circle -12.600 12.133 0.250
circle -12.600 12.600 0.250
circle -9.800 12.600 0.250
circle -9.333 12.600 0.250
circle -8.867 12.600 0.250
circle -8.400 12.600 0.250
circle -7.933 12.600 0.250
circle -7.467 12.600 0.250
circle -7.000 12.600 0.250
circle -4.200 9.800 0.250
circle -4.200 10.267 0.250
circle -4.200 10.733 0.250
circle -4.200 11.200 0.250
circle -4.200 11.667 0.250
circle -4.200 12.133 0.250
circle -4.200 12.600 0.250
circle 1.400 10.267 0.250
circle 1.400 10.733 0.250
circle 1.400 11.200 0.250
circle 1.400 11.667 0.250
circle 1.400 12.133 0.250
circle 1.400 12.600 0.250
circle 7.000 12.600 0.250
circle 7.467 12.600 0.250
circle 7.933 12.600 0.250
circle 8.400 12.600 0.250
circle 8.867 12.600 0.250
circle 9.333 12.600 0.250
circle 9.800 12.600 0.250
circle 15.400 10.267 0.250
circle 15.400 10.733 0.250
circle 15.400 11.200 0.250
circle 15.400 11.667 0.250
circle 15.400 12.133 0.250
circle 15.400 12.600 0.250
circle 18.200 10.267 0.250
circle 18.200 10.733 0.250
circle 18.200 11.200 0.250
circle 18.200 11.667 0.250
circle 18.200 12.133 0.250
circle 18.200 12.600 0.250
circle 21.000 10.267 0.250
circle 21.000 10.733 0.250
circle 21.000 11.200 0.250
circle 21.000 11.667 0.250
circle 21.000 12.133 0.250
circle 21.000 12.600 0.250
circle 34.067 12.600 0.250
circle 34.533 12.600 0.250
circle 35.000 12.600 0.250
circle 35.000 10.267 0.250
circle 35.000 10.733 0.250
circle 35.000 11.200 0.250
circle 35.000 11.667 0.250
circle 35.000 12.133 0.250
circle -35.000 13.067 0.250
circle -35.000 13.533 0.250
circle -35.000 14.000 0.250
circle -35.000 14.467 0.250
circle -35.000 14.933 0.250
circle -35.000 15.400 0.250
circle -32.200 15.400 0.250
circle -31.733 15.400 0.250
circle -31.267 15.400 0.250
circle -30.800 15.400 0.250
circle -30.333 15.400 0.250
circle -29.867 15.400 0.250
circle -29.400 15.400 0.250
circle -26.600 13.067 0.250
circle -26.600 13.533 0.250
circle -26.600 14.000 0.250
circle -26.600 14.467 0.250
circle -26.600 14.933 0.250
circle -26.600 15.400 0.250
circle -23.800 15.400 0.250
circle -23.333 15.400 0.250
circle -22.867 15.400 0.250
circle -22.400 15.400 0.250
circle -21.933 15.400 0.250
circle -21.467 15.400 0.250
circle -21.000 15.400 0.250
circle -23.800 13.067 0.250
circle -23.800 13.533 0.250
circle -23.800 14.000 0.250
circle -23.800 14.467 0.250
circle -23.800 14.933 0.250
circle -18.200 13.067 0.250
circle -18.200 13.533 0.250
circle -18.200 14.000 0.250
circle -18.200 14.467 0.250
circle -18.200 14.933 0.250
circle -18.200 15.400 0.250
circle -15.400 15.400 0.250
circle -14.933 15.400 0.250
circle -14.467 15.400 0.250
circle -14.000 15.400 0.250
circle -13.533 15.400 0.250
circle -13.067 15.400 0.250
circle -12.600 15.400 0.250
circle -12.133 15.400 0.250
circle -11.667 15.400 0.250
circle -11.200 15.400 0.250
circle -10.733 15.400 0.250
circle -10.267 15.400 0.250
circle -9.800 15.400 0.250
circle -9.800 13.067 0.250
circle -9.800 13.533 0.250
circle -9.800 14.000 0.250
circle -9.800 14.467 0.250
circle -9.800 14.933 0.250
circle -7.000 13.067 0.250
circle -7.000 13.533 0.250
circle -7.000 14.000 0.250
circle -7.000 14.467 0.250
circle -7.000 14.933 0.250
circle -7.000 15.400 0.250
circle 1.400 15.400 0.250
circle 1.867 15.400 0.250
circle 2.333 15.400 0.250
circle 2.800 15.400 0.250
circle 3.267 15.400 0.250
circle 3.733 15.400 0.250
circle 4.200 15.400 0.250
circle 1.400 13.067 0.250
circle 1.400 13.533 0.250
circle 1.400 14.000 0.250
circle 1.400 14.467 0.250
circle 1.400 14.933 0.250
circle 4.667 15.400 0.250
circle 5.133 15.400 0.250
circle 5.600 15.400 0.250
circle 6.067 15.400 0.250
circle 6.533 15.400 0.250
circle 7.000 15.400 0.250
circle 9.800 15.400 0.250
circle 10.267 15.400 0.250
circle 10.733 15.400 0.250
circle 11.200 15.400 0.250
circle 11.667 15.400 0.250
circle 12.133 15.400 0.250
circle 12.600 15.400 0.250
circle 9.800 13.067 0.250
circle 9.800 13.533 0.250
circle 9.800 14.000 0.250
circle 9.800 14.467 0.250
circle 9.800 14.933 0.250
circle 15.400 13.067 0.250
circle 15.400 13.533 0.250
circle 15.400 14.000 0.250
circle 15.400 14.467 0.250
circle 15.400 14.933 0.250
circle 15.400 15.400 0.250
circle 18.200 13.067 0.250
circle 18.200 13.533 0.250
circle 18.200 14.000 0.250
circle 18.200 14.467 0.250
circle 18.200 14.933 0.250
circle 18.200 15.400 0.250
circle 21.000 15.400 0.250
circle 21.467 15.400 0.250
circle 21.933 15.400 0.250
circle 22.400 15.400 0.250
circle 22.867 15.400 0.250
circle 23.333 15.400 0.250
circle 23.800 15.400 0.250
circle 21.000 13.067 0.250
circle 21.000 13.533 0.250
circle 21.000 14.000 0.250
circle 21.000 14.467 0.250
circle 21.000 14.933 0.250
circle 24.267 15.400 0.250
circle 24.733 15.400 0.250
circle 25.200 15.400 0.250
circle 25.667 15.400 0.250
circle 26.133 15.400 0.250
circle 26.600 15.400 0.250
circle 29.400 15.400 0.250
circle 29.867 15.400 0.250
circle 30.333 15.400 0.250
circle 30.800 15.400 0.250
circle 31.267 15.400 0.250
circle 31.733 15.400 0.250
circle 35.000 13.067 0.250
circle 35.000 13.533 0.250
circle -35.000 18.200 0.250
circle -34.533 18.200 0.250
circle -34.067 18.200 0.250
circle -33.600 18.200 0.250
circle -33.133 18.200 0.250
circle -32.667 18.200 0.250
circle -32.200 18.200 0.250
circle -35.000 15.867 0.250
circle -35.000 16.333 0.250
circle -35.000 16.800 0.250
circle -35.000 17.267 0.250
circle -35.000 17.733 0.250
circle -31.733 18.200 0.250
circle -31.267 18.200 0.250
circle -30.800 18.200 0.250
circle -30.333 18.200 0.250
circle -29.867 18.200 0.250
circle -29.400 18.200 0.250
circle -28.933 18.200 0.250
circle -28.467 18.200 0.250
circle -28.000 18.200 0.250
circle -27.533 18.200 0.250
circle -27.067 18.200 0.250
circle -26.600 18.200 0.250
circle -23.800 15.867 0.250
circle -23.800 16.333 0.250
circle -23.800 16.800 0.250
circle -23.800 17.267 0.250
circle -23.800 17.733 0.250
circle -23.800 18.200 0.250
circle -21.000 15.867 0.250
circle -21.000 16.333 0.250
circle -21.000 16.800 0.250
circle -21.000 17.267 0.250
circle -21.000 17.733 0.250
circle -21.000 18.200 0.250
circle -18.200 15.867 0.250
circle -18.200 16.333 0.250
circle -18.200 16.800 0.250
circle -18.200 17.267 0.250
circle -18.200 17.733 0.250
circle -18.200 18.200 0.250
circle -12.600 15.867 0.250
circle -12.600 16.333 0.250
circle -12.600 16.800 0.250
circle -12.600 17.267 0.250
circle -12.600 17.733 0.250
circle -12.600 18.200 0.250
circle -4.200 15.400 0.250
circle -4.200 15.867 0.250
circle -4.200 16.333 0.250
circle -4.200 16.800 0.250
circle -4.200 17.267 0.250
circle -4.200 17.733 0.250
circle -4.200 18.200 0.250
circle 1.400 15.867 0.250
circle 1.400 16.333 0.250
circle 1.400 16.800 0.250
circle 1.400 17.267 0.250
circle 1.400 17.733 0.250
circle 1.400 18.200 0.250
circle 4.200 18.200 0.250
circle 4.667 18.200 0.250
circle 5.133 18.200 0.250
circle 5.600 18.200 0.250
circle 6.067 18.200 0.250
circle 6.533 18.200 0.250
circle 7.000 18.200 0.250
circle 4.200 15.867 0.250
circle 4.200 16.333 0.250
circle 4.200 16.800 0.250
circle 4.200 17.267 0.250
circle 4.200 17.733 0.250
circle 7.467 18.200 0.250
circle 7.933 18.200 0.250
circle 8.400 18.200 0.250
circle 8.867 18.200 0.250
circle 9.333 18.200 0.250
circle 9.800 18.200 0.250
circle 12.600 18.200 0.250
circle 13.067 18.200 0.250
circle 13.533 18.200 0.250
circle 14.000 18.200 0.250
circle 14.467 18.200 0.250
circle 14.933 18.200 0.250
circle 15.400 18.200 0.250
circle 21.000 15.867 0.250
circle 21.000 16.333 0.250
circle 21.000 16.800 0.250
circle 21.000 17.267 0.250
circle 21.000 17.733 0.250
circle 21.000 18.200 0.250
circle 23.800 18.200 0.250
circle 24.267 18.200 0.250
circle 24.733 18.200 0.250
circle 25.200 18.200 0.250
circle 25.667 18.200 0.250
circle 26.133 18.200 0.250
circle 26.600 18.200 0.250
circle 26.600 15.867 0.250
circle 26.600 16.333 0.250
circle 26.600 16.800 0.250
circle 26.600 17.267 0.250
circle 26.600 17.733 0.250
circle -35.000 18.667 0.250
circle -35.000 19.133 0.250
circle -35.000 19.600 0.250
circle -35.000 20.067 0.250
circle -35.000 20.533 0.250
circle -35.000 21.000 0.250
circle -32.200 18.667 0.250
circle -32.200 19.133 0.250
circle -32.200 19.600 0.250
circle -32.200 20.067 0.250
circle -32.200 20.533 0.250
circle -32.200 21.000 0.250
circle -29.400 21.000 0.250
circle -28.933 21.000 0.250
circle -28.467 21.000 0.250
circle -28.000 21.000 0.250
circle -27.533 21.000 0.250
circle -27.067 21.000 0.250
circle -26.600 21.000 0.250
circle -29.400 18.667 0.250
circle -29.400 19.133 0.250
circle -29.400 19.600 0.250
circle -29.400 20.067 0.250
circle -29.400 20.533 0.250
circle -26.133 21.000 0.250
circle -25.667 21.000 0.250
circle -25.200 21.000 0.250
circle -24.733 21.000 0.250
circle -24.267 21.000 0.250
circle -23.800 21.000 0.250
circle -23.800 18.667 0.250
circle -23.800 19.133 0.250
circle -23.800 19.600 0.250
circle -23.800 20.067 0.250
circle -23.800 20.533 0.250
circle -21.000 18.667 0.250
circle -21.000 19.133 0.250
circle -21.000 19.600 0.250
circle -21.000 20.067 0.250
circle -21.000 20.533 0.250
circle -21.000 21.000 0.250
circle -18.200 21.000 0.250
circle -17.733 21.000 0.250
circle -17.267 21.000 0.250
circle -16.800 21.000 0.250
circle -16.333 21.000 0.250
circle -15.867 21.000 0.250
circle -15.400 21.000 0.250
circle -12.600 21.000 0.250
circle -12.133 21.000 0.250
circle -11.667 21.000 0.250
circle -11.200 21.000 0.250
circle -10.733 21.000 0.250
circle -10.267 21.000 0.250
circle -9.800 21.000 0.250
circle -12.600 18.667 0.250
circle -12.600 19.133 0.250
circle -12.600 19.600 0.250
circle -12.600 20.067 0.250
circle -12.600 20.533 0.250
circle -9.333 21.000 0.250
circle -8.867 21.000 0.250
circle -8.400 21.000 0.250
circle -7.933 21.000 0.250
circle -7.467 21.000 0.250
circle -7.000 21.000 0.250
circle -6.533 21.000 0.250
circle -6.067 21.000 0.250
circle -5.600 21.000 0.250
circle -5.133 21.000 0.250
circle -4.667 21.000 0.250
circle -4.200 21.000 0.250
circle -1.400 21.000 0.250
circle -0.933 21.000 0.250
circle -0.467 21.000 0.250
circle -0.000 21.000 0.250
circle 0.467 21.000 0.250
circle 0.933 21.000 0.250
circle 1.400 21.000 0.250
circle -1.400 18.200 0.250
circle -1.400 18.667 0.250
circle -1.400 19.133 0.250
circle -1.400 19.600 0.250
circle -1.400 20.067 0.250
circle -1.400 20.533 0.250
circle 1.400 18.667 0.250
circle 1.400 19.133 0.250
circle 1.400 19.600 0.250
circle 1.400 20.067 0.250
circle 1.400 20.533 0.250
circle 7.000 18.667 0.250
circle 7.000 19.133 0.250
circle 7.000 19.600 0.250
circle 7.000 20.067 0.250
circle 7.000 20.533 0.250
circle 7.000 21.000 0.250
circle 9.800 21.000 0.250
circle 10.267 21.000 0.250
circle 10.733 21.000 0.250
circle 11.200 21.000 0.250
circle 11.667 21.000 0.250
circle 12.133 21.000 0.250
circle 12.600 21.000 0.250
circle 12.600 18.667 0.250
circle 12.600 19.133 0.250
circle 12.600 19.600 0.250
circle 12.600 20.067 0.250
circle 12.600 20.533 0.250
circle 15.400 18.667 0.250
circle 15.400 19.133 0.250
circle 15.400 19.600 0.250
circle 15.400 20.067 0.250
circle 15.400 20.533 0.250
circle 15.400 21.000 0.250
circle 21.000 21.000 0.250
circle 21.467 21.000 0.250
circle 21.933 21.000 0.250
circle 22.400 21.000 0.250
circle 22.867 21.000 0.250
circle 23.333 21.000 0.250
circle 23.800 21.000 0.250
circle 21.000 18.667 0.250
circle 21.000 19.133 0.250
circle 21.000 19.600 0.250
circle 21.000 20.067 0.250
circle 21.000 20.533 0.250
circle 26.600 21.000 0.250
circle 27.067 21.000 0.250
circle 27.533 21.000 0.250
circle 28.000 21.000 0.250
circle 28.467 21.000 0.250
circle 28.933 21.000 0.250
circle 29.400 21.000 0.250
circle 26.600 18.667 0.250
circle 26.600 19.133 0.250
circle 26.600 19.600 0.250
circle 26.600 20.067 0.250
circle 26.600 20.533 0.250
circle 29.867 21.000 0.250
circle 30.333 21.000 0.250
circle 30.800 21.000 0.250
circle 31.267 21.000 0.250
circle 31.733 21.000 0.250
circle -35.000 21.467 0.250
circle -35.000 21.933 0.250
circle -35.000 22.400 0.250
circle -35.000 22.867 0.250
circle -35.000 23.333 0.250
circle -35.000 23.800 0.250
circle -32.200 23.800 0.250
circle -31.733 23.800 0.250
circle -31.267 23.800 0.250
circle -30.800 23.800 0.250
circle -30.333 23.800 0.250
circle -29.867 23.800 0.250
circle -29.400 23.800 0.250
circle -23.800 21.467 0.250
circle -23.800 21.933 0.250
circle -23.800 22.400 0.250
circle -23.800 22.867 0.250
circle -23.800 23.333 0.250
circle -23.800 23.800 0.250
circle -21.000 21.467 0.250
circle -21.000 21.933 0.250
circle -21.000 22.400 0.250
circle -21.000 22.867 0.250
circle -21.000 23.333 0.250
circle -21.000 23.800 0.250
circle -18.200 23.800 0.250
circle -17.733 23.800 0.250
circle -17.267 23.800 0.250
circle -16.800 23.800 0.250
circle -16.333 23.800 0.250
circle -15.867 23.800 0.250
circle -15.400 23.800 0.250
circle -15.400 21.467 0.250
circle -15.400 21.933 0.250
circle -15.400 22.400 0.250
circle -15.400 22.867 0.250
circle -15.400 23.333 0.250
circle -9.800 23.800 0.250
circle -9.333 23.800 0.250
circle -8.867 23.800 0.250
circle -8.400 23.800 0.250
circle -7.933 23.800 0.250
circle -7.467 23.800 0.250
circle -7.000 23.800 0.250
circle 1.400 23.800 0.250
circle 1.867 23.800 0.250
circle 2.333 23.800 0.250
circle 2.800 23.800 0.250
circle 3.267 23.800 0.250
circle 3.733 23.800 0.250
circle 4.200 23.800 0.250
circle 4.667 23.800 0.250
circle 5.133 23.800 0.250
circle 5.600 23.800 0.250
circle 6.067 23.800 0.250
circle 6.533 23.800 0.250
circle 7.000 23.800 0.250
circle 7.467 23.800 0.250
circle 7.933 23.800 0.250
circle 8.400 23.800 0.250
circle 8.867 23.800 0.250
circle 9.333 23.800 0.250
circle 9.800 23.800 0.250
circle 12.600 21.467 0.250
circle 12.600 21.933 0.250
circle 12.600 22.400 0.250
circle 12.600 22.867 0.250
circle 12.600 23.333 0.250
circle 12.600 23.800 0.250
circle 15.400 21.467 0.250
circle 15.400 21.933 0.250
circle 15.400 22.400 0.250
circle 15.400 22.867 0.250
circle 15.400 23.333 0.250
circle 15.400 23.800 0.250
circle 18.200 23.800 0.250
circle 18.667 23.800 0.250
circle 19.133 23.800 0.250
circle 19.600 23.800 0.250
circle 20.067 23.800 0.250
circle 20.533 23.800 0.250
circle 21.000 23.800 0.250
circle 18.200 21.000 0.250
circle 18.200 21.467 0.250
circle 18.200 21.933 0.250
circle 18.200 22.400 0.250
circle 18.200 22.867 0.250
circle 18.200 23.333 0.250
circle 23.800 23.800 0.250
circle 24.267 23.800 0.250
circle 24.733 23.800 0.250
circle 25.200 23.800 0.250
circle 25.667 23.800 0.250
circle 26.133 23.800 0.250
circle 26.600 23.800 0.250
circle 23.800 21.467 0.250
circle 23.800 21.933 0.250
circle 23.800 22.400 0.250
circle 23.800 22.867 0.250
circle 23.800 23.333 0.250
circle 29.400 21.467 0.250
circle 29.400 21.933 0.250
circle 29.400 22.400 0.250
circle 29.400 22.867 0.250
circle 29.400 23.333 0.250
circle 29.400 23.800 0.250
circle -35.000 24.267 0.250
circle -35.000 24.733 0.250
circle -35.000 25.200 0.250
circle -35.000 25.667 0.250
circle -35.000 26.133 0.250
circle -35.000 26.600 0.250
circle -32.200 26.600 0.250
circle -31.733 26.600 0.250
circle -31.267 26.600 0.250
circle -30.800 26.600 0.250
circle -30.333 26.600 0.250
circle -29.867 26.600 0.250
circle -29.400 26.600 0.250
circle -32.200 24.267 0.250
circle -32.200 24.733 0.250
circle -32.200 25.200 0.250
circle -32.200 25.667 0.250
circle -32.200 26.133 0.250
circle -28.933 26.600 0.250
circle -28.467 26.600 0.250
circle -28.000 26.600 0.250
circle -27.533 26.600 0.250
circle -27.067 26.600 0.250
circle -26.600 26.600 0.250
circle -23.800 24.267 0.250
circle -23.800 24.733 0.250
circle -23.800 25.200 0.250
circle -23.800 25.667 0.250
circle -23.800 26.133 0.250
circle -23.800 26.600 0.250
circle -21.000 26.600 0.250
circle -20.533 26.600 0.250
circle -20.067 26.600 0.250
circle -19.600 26.600 0.250
circle -19.133 26.600 0.250
circle -18.667 26.600 0.250
circle -18.200 26.600 0.250
circle -15.400 24.267 0.250
circle -15.400 24.733 0.250
circle -15.400 25.200 0.250
circle -15.400 25.667 0.250
circle -15.400 26.133 0.250
circle -15.400 26.600 0.250
circle -12.600 26.600 0.250
circle -12.133 26.600 0.250
circle -11.667 26.600 0.250
circle -11.200 26.600 0.250
circle -10.733 26.600 0.250
circle -10.267 26.600 0.250
circle -9.800 26.600 0.250
circle -9.333 26.600 0.250
circle -8.867 26.600 0.250
circle -8.400 26.600 0.250
circle -7.933 26.600 0.250
circle -7.467 26.600 0.250
circle -7.000 26.600 0.250
circle -6.533 26.600 0.250
circle -6.067 26.600 0.250
circle -5.600 26.600 0.250
circle -5.133 26.600 0.250
circle -4.667 26.600 0.250
circle -4.200 26.600 0.250
circle -3.733 26.600 0.250
circle -3.267 26.600 0.250
circle -2.800 26.600 0.250
circle -2.333 26.600 0.250
circle -1.867 26.600 0.250
circle -1.400 26.600 0.250
circle -0.933 26.600 0.250
circle -0.467 26.600 0.250
circle -0.000 26.600 0.250
circle 0.467 26.600 0.250
circle 0.933 26.600 0.250
circle 1.400 26.600 0.250
circle 1.867 26.600 0.250
circle 2.333 26.600 0.250
circle 2.800 26.600 0.250
circle 3.267 26.600 0.250
circle 3.733 26.600 0.250
circle 4.200 26.600 0.250
circle 1.400 24.267 0.250
circle 1.400 24.733 0.250
circle 1.400 25.200 0.250
circle 1.400 25.667 0.250
circle 1.400 26.133 0.250
circle 4.667 26.600 0.250
circle 5.133 26.600 0.250
circle 5.600 26.600 0.250
circle 6.067 26.600 0.250
circle 6.533 26.600 0.250
circle 7.000 26.600 0.250
circle 7.467 26.600 0.250
circle 7.933 26.600 0.250
circle 8.400 26.600 0.250
circle 8.867 26.600 0.250
circle 9.333 26.600 0.250
circle 9.800 26.600 0.250
circle 12.600 24.267 0.250
circle 12.600 24.733 0.250
circle 12.600 25.200 0.250
circle 12.600 25.667 0.250
circle 12.600 26.133 0.250
circle 12.600 26.600 0.250
circle 18.200 24.267 0.250
circle 18.200 24.733 0.250
circle 18.200 25.200 0.250
circle 18.200 25.667 0.250
circle 18.200 26.133 0.250
circle 18.200 26.600 0.250
circle 21.000 26.600 0.250
circle 21.467 26.600 0.250
circle 21.933 26.600 0.250
circle 22.400 26.600 0.250
circle 22.867 26.600 0.250
circle 23.333 26.600 0.250
circle 23.800 26.600 0.250
circle 21.000 24.267 0.250
circle 21.000 24.733 0.250
circle 21.000 25.200 0.250
circle 21.000 25.667 0.250
circle 21.000 26.133 0.250
circle 26.600 26.600 0.250
circle 27.067 26.600 0.250
circle 27.533 26.600 0.250
circle 28.000 26.600 0.250
circle 28.467 26.600 0.250
circle 28.933 26.600 0.250
circle 29.400 26.600 0.250
circle 26.600 24.267 0.250
circle 26.600 24.733 0.250
circle 26.600 25.200 0.250
circle 26.600 25.667 0.250
circle 26.600 26.133 0.250
circle -35.000 27.067 0.250
circle -35.000 27.533 0.250
circle -35.000 28.000 0.250
circle -35.000 28.467 0.250
circle -35.000 28.933 0.250
circle -35.000 29.400 0.250
circle -32.200 27.067 0.250
circle -32.200 27.533 0.250
circle -32.200 28.000 0.250
circle -32.200 28.467 0.250
circle -32.200 28.933 0.250
circle -32.200 29.400 0.250
circle -26.600 29.400 0.250
circle -26.133 29.400 0.250
circle -25.667 29.400 0.250
circle -25.200 29.400 0.250
circle -24.733 29.400 0.250
circle -24.267 29.400 0.250
circle -23.800 29.400 0.250
circle -26.600 27.067 0.250
circle -26.600 27.533 0.250
circle -26.600 28.000 0.250
circle -26.600 28.467 0.250
circle -26.600 28.933 0.250
circle -21.000 29.400 0.250
circle -20.533 29.400 0.250
circle -20.067 29.400 0.250
circle -19.600 29.400 0.250
circle -19.133 29.400 0.250
circle -18.667 29.400 0.250
circle -18.200 29.400 0.250
circle -17.733 29.400 0.250
circle -17.267 29.400 0.250
circle -16.800 29.400 0.250
circle -16.333 29.400 0.250
circle -15.867 29.400 0.250
circle -15.400 29.400 0.250
circle -14.933 29.400 0.250
circle -14.467 29.400 0.250
circle -14.000 29.400 0.250
circle -13.533 29.400 0.250
circle -13.067 29.400 0.250
circle -12.600 29.400 0.250
circle -12.133 29.400 0.250
circle -11.667 29.400 0.250
circle -11.200 29.400 0.250
circle -10.733 29.400 0.250
circle -10.267 29.400 0.250
circle -9.800 29.400 0.250
circle -7.000 29.400 0.250
circle -6.533 29.400 0.250
circle -6.067 29.400 0.250
circle -5.600 29.400 0.250
circle -5.133 29.400 0.250
circle -4.667 29.400 0.250
circle -4.200 29.400 0.250
circle -7.000 27.067 0.250
circle -7.000 27.533 0.250
circle -7.000 28.000 0.250
circle -7.000 28.467 0.250
circle -7.000 28.933 0.250
circle -1.400 27.067 0.250
circle -1.400 27.533 0.250
circle -1.400 28.000 0.250
circle -1.400 28.467 0.250
circle -1.400 28.933 0.250
circle -1.400 29.400 0.250
circle 1.400 27.067 0.250
circle 1.400 27.533 0.250
circle 1.400 28.000 0.250
circle 1.400 28.467 0.250
circle 1.400 28.933 0.250
circle 1.400 29.400 0.250
circle 4.200 29.400 0.250
circle 4.667 29.400 0.250
circle 5.133 29.400 0.250
circle 5.600 29.400 0.250
circle 6.067 29.400 0.250
circle 6.533 29.400 0.250
circle 7.000 29.400 0.250
circle 7.000 27.067 0.250
circle 7.000 27.533 0.250
circle 7.000 28.000 0.250
circle 7.000 28.467 0.250
circle 7.000 28.933 0.250
circle 12.600 29.400 0.250
circle 13.067 29.400 0.250
circle 13.533 29.400 0.250
circle 14.000 29.400 0.250
circle 14.467 29.400 0.250
circle 14.933 29.400 0.250
circle 15.400 29.400 0.250
circle 12.600 27.067 0.250
circle 12.600 27.533 0.250
circle 12.600 28.000 0.250
circle 12.600 28.467 0.250
circle 12.600 28.933 0.250
circle 15.867 29.400 0.250
circle 16.333 29.400 0.250
circle 16.800 29.400 0.250
circle 17.267 29.400 0.250
circle 17.733 29.400 0.250
circle 18.200 29.400 0.250
circle 21.000 27.067 0.250
circle 21.000 27.533 0.250
circle 21.000 28.000 0.250
circle 21.000 28.467 0.250
circle 21.000 28.933 0.250
circle 21.000 29.400 0.250
circle 23.800 29.400 0.250
circle 24.267 29.400 0.250
circle 24.733 29.400 0.250
circle 25.200 29.400 0.250
circle 25.667 29.400 0.250
circle 26.133 29.400 0.250
circle 26.600 29.400 0.250
circle 23.800 27.067 0.250
circle 23.800 27.533 0.250
circle 23.800 28.000 0.250
circle 23.800 28.467 0.250
circle 23.800 28.933 0.250
circle 29.400 27.067 0.250
circle 29.400 27.533 0.250
circle 29.400 28.000 0.250
circle 29.400 28.467 0.250
circle 29.400 28.933 0.250
circle 29.400 29.400 0.250
circle -35.000 29.867 0.250
circle -35.000 30.333 0.250
circle -35.000 30.800 0.250
circle -35.000 31.267 0.250
circle -35.000 31.733 0.250
circle -35.000 32.200 0.250
circle -32.200 29.867 0.250
circle -32.200 30.333 0.250
circle -32.200 30.800 0.250
circle -32.200 31.267 0.250
circle -32.200 31.733 0.250
circle -32.200 32.200 0.250
circle -29.400 32.200 0.250
circle -28.933 32.200 0.250
circle -28.467 32.200 0.250
circle -28.000 32.200 0.250
circle -27.533 32.200 0.250
circle -27.067 32.200 0.250
circle -26.600 32.200 0.250
circle -29.400 29.400 0.250
circle -29.400 29.867 0.250
circle -29.400 30.333 0.250
circle -29.400 30.800 0.250
circle -29.400 31.267 0.250
circle -29.400 31.733 0.250
circle -23.800 32.200 0.250
circle -23.333 32.200 0.250
circle -22.867 32.200 0.250
circle -22.400 32.200 0.250
circle -21.933 32.200 0.250
circle -21.467 32.200 0.250
circle -21.000 32.200 0.250
circle -18.200 32.200 0.250
circle -17.733 32.200 0.250
circle -17.267 32.200 0.250
circle -16.800 32.200 0.250
circle -16.333 32.200 0.250
circle -15.867 32.200 0.250
circle -15.400 32.200 0.250
circle -18.200 29.867 0.250
circle -18.200 30.333 0.250
circle -18.200 30.800 0.250
circle -18.200 31.267 0.250
circle -18.200 31.733 0.250
circle -12.600 32.200 0.250
circle -12.133 32.200 0.250
circle -11.667 32.200 0.250
circle -11.200 32.200 0.250
circle -10.733 32.200 0.250
circle -10.267 32.200 0.250
circle -9.800 32.200 0.250
circle -12.600 29.867 0.250
circle -12.600 30.333 0.250
circle -12.600 30.800 0.250
circle -12.600 31.267 0.250
circle -12.600 31.733 0.250
circle -7.000 29.867 0.250
circle -7.000 30.333 0.250
circle -7.000 30.800 0.250
circle -7.000 31.267 0.250
circle -7.000 31.733 0.250
circle -7.000 32.200 0.250
circle -4.200 32.200 0.250
circle -3.733 32.200 0.250
circle -3.267 32.200 0.250
circle -2.800 32.200 0.250
circle -2.333 32.200 0.250
circle -1.867 32.200 0.250
circle -1.400 32.200 0.250
circle 1.400 29.867 0.250
circle 1.400 30.333 0.250
circle 1.400 30.800 0.250
circle 1.400 31.267 0.250
circle 1.400 31.733 0.250
circle 1.400 32.200 0.250
circle 4.200 32.200 0.250
circle 4.667 32.200 0.250
circle 5.133 32.200 0.250
circle 5.600 32.200 0.250
circle 6.067 32.200 0.250
circle 6.533 32.200 0.250
circle 7.000 32.200 0.250
circle 4.200 29.867 0.250
circle 4.200 30.333 0.250
circle 4.200 30.800 0.250
circle 4.200 31.267 0.250
circle 4.200 31.733 0.250
circle 9.800 29.400 0.250
circle 9.800 29.867 0.250
circle 9.800 30.333 0.250
circle 9.800 30.800 0.250
circle 9.800 31.267 0.250
circle 9.800 31.733 0.250
circle 9.800 32.200 0.250
circle 15.400 32.200 0.250
circle 15.867 32.200 0.250
circle 16.333 32.200 0.250
circle 16.800 32.200 0.250
circle 17.267 32.200 0.250
circle 17.733 32.200 0.250
circle 18.200 32.200 0.250
circle 15.400 29.867 0.250
circle 15.400 30.333 0.250
circle 15.400 30.800 0.250
circle 15.400 31.267 0.250
circle 15.400 31.733 0.250
circle 18.667 32.200 0.250
circle 19.133 32.200 0.250
circle 19.600 32.200 0.250
circle 20.067 32.200 0.250
circle 20.533 32.200 0.250
circle 21.000 32.200 0.250
circle 21.000 29.867 0.250
circle 21.000 30.333 0.250
circle 21.000 30.800 0.250
circle 21.000 31.267 0.250
circle 21.000 31.733 0.250
circle 23.800 29.867 0.250
circle 23.800 30.333 0.250
circle 23.800 30.800 0.250
circle 23.800 31.267 0.250
circle 23.800 31.733 0.250
circle 23.800 32.200 0.250
circle 26.600 29.867 0.250
circle 26.600 30.333 0.250
circle 26.600 30.800 0.250
circle 26.600 31.267 0.250
circle 26.600 31.733 0.250
circle 26.600 32.200 0.250
circle -35.000 32.667 0.250
circle -35.000 33.133 0.250
circle -35.000 33.600 0.250
circle -35.000 34.067 0.250
circle -35.000 34.533 0.250
circle -35.000 35.000 0.250
circle -34.533 32.200 0.250
circle -34.067 32.200 0.250
circle -33.600 32.200 0.250
circle -33.133 32.200 0.250
circle -32.667 32.200 0.250
circle -32.200 32.667 0.250
circle -32.200 33.133 0.250
circle -32.200 33.600 0.250
circle -32.200 34.067 0.250
circle -32.200 34.533 0.250
circle -32.200 35.000 0.250
circle -31.733 32.200 0.250
circle -31.267 32.200 0.250
circle -30.800 32.200 0.250
circle -30.333 32.200 0.250
circle -29.867 32.200 0.250
circle -26.600 35.000 0.250
circle -26.133 35.000 0.250
circle -25.667 35.000 0.250
circle -25.200 35.000 0.250
circle -24.733 35.000 0.250
circle -24.267 35.000 0.250
circle -23.800 35.000 0.250
circle -26.133 32.200 0.250
circle -25.667 32.200 0.250
circle -25.200 32.200 0.250
circle -24.733 32.200 0.250
circle -24.267 32.200 0.250
circle -23.800 32.667 0.250
circle -23.800 33.133 0.250
circle -23.800 33.600 0.250
circle -23.800 34.067 0.250
circle -23.800 34.533 0.250
circle -21.000 35.000 0.250
circle -20.533 35.000 0.250
circle -20.067 35.000 0.250
circle -19.600 35.000 0.250
circle -19.133 35.000 0.250
circle -18.667 35.000 0.250
circle -18.200 35.000 0.250
circle -20.533 32.200 0.250
circle -20.067 32.200 0.250
circle -19.600 32.200 0.250
circle -19.133 32.200 0.250
circle -18.667 32.200 0.250
circle -15.400 32.667 0.250
circle -15.400 33.133 0.250
circle -15.400 33.600 0.250
circle -15.400 34.067 0.250
circle -15.400 34.533 0.250
circle -15.400 35.000 0.250
circle -14.933 32.200 0.250
circle -14.467 32.200 0.250
circle -14.000 32.200 0.250
circle -13.533 32.200 0.250
circle -13.067 32.200 0.250
circle -9.800 32.667 0.250
circle -9.800 33.133 0.250
circle -9.800 33.600 0.250
circle -9.800 34.067 0.250
circle -9.800 34.533 0.250
circle -9.800 35.000 0.250
circle -9.333 32.200 0.250
circle -8.867 32.200 0.250
circle -8.400 32.200 0.250
circle -7.933 32.200 0.250
circle -7.467 32.200 0.250
circle -6.533 32.200 0.250
circle -6.067 32.200 0.250
circle -5.600 32.200 0.250
circle -5.133 32.200 0.250
circle -4.667 32.200 0.250
circle -4.200 32.667 0.250
circle -4.200 33.133 0.250
circle -4.200 33.600 0.250
circle -4.200 34.067 0.250
circle -4.200 34.533 0.250
circle -4.200 35.000 0.250
circle -1.400 35.000 0.250
circle -0.933 35.000 0.250
circle -0.467 35.000 0.250
circle -0.000 35.000 0.250
circle 0.467 35.000 0.250
circle 0.933 35.000 0.250
circle 1.400 35.000 0.250
circle -0.933 32.200 0.250
circle -0.467 32.200 0.250
circle -0.000 32.200 0.250
circle 0.467 32.200 0.250
circle 0.933 32.200 0.250
circle 1.867 32.200 0.250
circle 2.333 32.200 0.250
circle 2.800 32.200 0.250
circle 3.267 32.200 0.250
circle 3.733 32.200 0.250
circle 7.000 35.000 0.250
circle 7.467 35.000 0.250
circle 7.933 35.000 0.250
circle 8.400 35.000 0.250
circle 8.867 35.000 0.250
circle 9.333 35.000 0.250
circle 9.800 35.000 0.250
circle 7.467 32.200 0.250
circle 7.933 32.200 0.250
circle 8.400 32.200 0.250
circle 8.867 32.200 0.250
circle 9.333 32.200 0.250
circle 10.267 32.200 0.250
circle 10.733 32.200 0.250
circle 11.200 32.200 0.250
circle 11.667 32.200 0.250
circle 12.133 32.200 0.250
circle 12.600 32.200 0.250
circle 12.600 32.667 0.250
circle 12.600 33.133 0.250
circle 12.600 33.600 0.250
circle 12.600 34.067 0.250
circle 12.600 34.533 0.250
circle 12.600 35.000 0.250
circle 13.067 32.200 0.250
circle 13.533 32.200 0.250
circle 14.000 32.200 0.250
circle 14.467 32.200 0.250
circle 14.933 32.200 0.250
circle 18.200 32.667 0.250
circle 18.200 33.133 0.250
circle 18.200 33.600 0.250
circle 18.200 34.067 0.250
circle 18.200 34.533 0.250
circle 18.200 35.000 0.250
circle 21.467 32.200 0.250
circle 21.933 32.200 0.250
circle 22.400 32.200 0.250
circle 22.867 32.200 0.250
circle 23.333 32.200 0.250
circle 23.800 32.667 0.250
circle 23.800 33.133 0.250
circle 23.800 33.600 0.250
circle 23.800 34.067 0.250
circle 23.800 34.533 0.250
circle 23.800 35.000 0.250
circle 24.267 32.200 0.250
circle 24.733 32.200 0.250
circle 25.200 32.200 0.250
circle 25.667 32.200 0.250
circle 26.133 32.200 0.250
circle 27.067 32.200 0.250
circle 27.533 32.200 0.250
circle 28.000 32.200 0.250
circle 28.467 32.200 0.250
circle 28.933 32.200 0.250
circle 29.400 32.200 0.250
circle 29.400 32.667 0.250
circle 29.400 33.133 0.250
circle 29.400 33.600 0.250
circle 29.400 34.067 0.250
circle 29.400 34.533 0.250
circle 29.400 35.000 0.250
circle 29.867 32.200 0.250
circle 30.333 32.200 0.250
circle 30.800 32.200 0.250
circle 31.267 32.200 0.250
circle 31.733 32.200 0.250
circle 35.000 34.067 0.250
circle 35.000 34.533 0.250
circle 35.000 35.000 0.250
